#Theta_0         T/T_0
0.01        1.00001   
0.02        1.00003   
0.03        1.00006   
0.04        1.0001    
0.05        1.00016   
0.06        1.00023   
0.07        1.00031   
0.08        1.0004    
0.09        1.00051   
0.1         1.00063   
0.11        1.00076   
0.12        1.0009    
0.13        1.00106   
0.14        1.00123   
0.15        1.00141   
0.16        1.0016    
0.17        1.00181   
0.18        1.00203   
0.19        1.00226   
0.2         1.00251   
0.21        1.00276   
0.22        1.00303   
0.23        1.00332   
0.24        1.00361   
0.25        1.00392   
0.26        1.00424   
0.27        1.00458   
0.28        1.00492   
0.29        1.00528   
0.3         1.00565   
0.31        1.00604   
0.32        1.00644   
0.33        1.00685   
0.34        1.00727   
0.35        1.00771   
0.36        1.00816   
0.37        1.00862   
0.38        1.0091    
0.39        1.00959   
0.4         1.01009   
0.41        1.01061   
0.42        1.01114   
0.43        1.01168   
0.44        1.01224   
0.45        1.01281   
0.46        1.01339   
0.47        1.01398   
0.48        1.01459   
0.49        1.01522   
0.5         1.01585   
0.51        1.0165    
0.52        1.01717   
0.53        1.01784   
0.54        1.01854   
0.55        1.01924   
0.56        1.01996   
0.57        1.02069   
0.58        1.02144   
0.59        1.0222    
0.6         1.02298   
0.61        1.02376   
0.62        1.02457   
0.63        1.02539   
0.64        1.02622   
0.65        1.02706   
0.66        1.02792   
0.67        1.0288    
0.68        1.02969   
0.69        1.03059   
0.7         1.03151   
0.71        1.03245   
0.72        1.0334    
0.73        1.03436   
0.74        1.03534   
0.75        1.03633   
0.76        1.03734   
0.77        1.03837   
0.78        1.03941   
0.79        1.04046   
0.8         1.04153   
0.81        1.04262   
0.82        1.04372   
0.83        1.04484   
0.84        1.04597   
0.85        1.04712   
0.86        1.04828   
0.87        1.04947   
0.88        1.05066   
0.89        1.05188   
0.9         1.05311   
0.91        1.05435   
0.92        1.05562   
0.93        1.0569    
0.94        1.05819   
0.95        1.05951   
0.96        1.06084   
0.97        1.06219   
0.98        1.06355   
0.99        1.06493   
1           1.06633   
1.01        1.06775   
1.02        1.06919   
1.03        1.07064   
1.04        1.07211   
1.05        1.0736    
1.06        1.07511   
1.07        1.07663   
1.08        1.07818   
1.09        1.07974   
1.1         1.08132   
1.11        1.08293   
1.12        1.08455   
1.13        1.08618   
1.14        1.08784   
1.15        1.08952   
1.16        1.09122   
1.17        1.09294   
1.18        1.09467   
1.19        1.09643   
1.2         1.09821   
1.21        1.10001   
1.22        1.10183   
1.23        1.10367   
1.24        1.10553   
1.25        1.10741   
1.26        1.10932   
1.27        1.11124   
1.28        1.11319   
1.29        1.11516   
1.3         1.11715   
1.31        1.11916   
1.32        1.1212    
1.33        1.12326   
1.34        1.12534   
1.35        1.12744   
1.36        1.12957   
1.37        1.13173   
1.38        1.1339    
1.39        1.1361    
1.4         1.13833   
1.41        1.14058   
1.42        1.14285   
1.43        1.14515   
1.44        1.14747   
1.45        1.14982   
1.46        1.1522    
1.47        1.1546    
1.48        1.15703   
1.49        1.15949   
1.5         1.16197   
1.51        1.16448   
1.52        1.16702   
1.53        1.16958   
1.54        1.17217   
1.55        1.1748    
1.56        1.17745   
1.57        1.18013   
