#Number of Loops n       I_1
1                        0.666667       
2                        0.909091       
3                        1.04           
4                        1.12409        
5                        1.18367        
6                        1.22865        
7                        1.26413        
8                        1.29303        
9                        1.31717        
10                       1.33772        
11                       1.35551        
12                       1.3711         
13                       1.38491        
14                       1.39727        
15                       1.40841        
16                       1.41853        
17                       1.42777        
18                       1.43626        
19                       1.4441         
20                       1.45136        
21                       1.45811        
22                       1.46442        
23                       1.47033        
24                       1.47589        
25                       1.48112        
26                       1.48605        
27                       1.49073        
28                       1.49516        
29                       1.49937        
30                       1.50338        
31                       1.50721        
32                       1.51086        
33                       1.51435        
34                       1.5177         
35                       1.52091        
36                       1.52399        
37                       1.52695        
38                       1.5298         
39                       1.53255        
40                       1.5352         
41                       1.53776        
42                       1.54023        
43                       1.54262        
44                       1.54493        
45                       1.54717        
46                       1.54934        
47                       1.55145        
48                       1.55349        
49                       1.55548        
50                       1.55741        
51                       1.55928        
52                       1.56111        
53                       1.56288        
54                       1.56461        
55                       1.5663         
56                       1.56794        
57                       1.56955        
58                       1.57111        
59                       1.57264        
60                       1.57413        
61                       1.57559        
62                       1.57701        
63                       1.57841        
64                       1.57977        
65                       1.5811         
66                       1.58241        
67                       1.58369        
68                       1.58494        
69                       1.58616        
70                       1.58737        
71                       1.58855        
72                       1.5897         
73                       1.59084        
74                       1.59195        
75                       1.59304        
76                       1.59411        
77                       1.59517        
78                       1.5962         
79                       1.59722        
80                       1.59822        
81                       1.5992         
82                       1.60017        
83                       1.60111        
84                       1.60205        
85                       1.60297        
86                       1.60387        
87                       1.60476        
88                       1.60564        
89                       1.6065         
90                       1.60735        
91                       1.60818        
92                       1.60901        
93                       1.60982        
94                       1.61062        
95                       1.61141        
96                       1.61218        
97                       1.61295        
98                       1.6137         
99                       1.61445        
100                      1.61518        
