#Alpha       Intensity I(alpha)
0           nan            
0.01        0.999967       
0.02        0.999867       
0.03        0.9997         
0.04        0.999467       
0.05        0.999167       
0.06        0.998801       
0.07        0.998368       
0.08        0.997868       
0.09        0.997303       
0.1         0.996671       
0.11        0.995973       
0.12        0.995209       
0.13        0.994379       
0.14        0.993484       
0.15        0.992522       
0.16        0.991496       
0.17        0.990404       
0.18        0.989247       
0.19        0.988024       
0.2         0.986738       
0.21        0.985386       
0.22        0.98397        
0.23        0.982491       
0.24        0.980947       
0.25        0.97934        
0.26        0.977669       
0.27        0.975935       
0.28        0.974138       
0.29        0.972279       
0.3         0.970358       
0.31        0.968374       
0.32        0.966329       
0.33        0.964223       
0.34        0.962056       
0.35        0.959828       
0.36        0.95754        
0.37        0.955192       
0.38        0.952784       
0.39        0.950317       
0.4         0.947792       
0.41        0.945208       
0.42        0.942566       
0.43        0.939866       
0.44        0.93711        
0.45        0.934296       
0.46        0.931427       
0.47        0.928502       
0.48        0.925521       
0.49        0.922485       
0.5         0.919395       
0.51        0.916252       
0.52        0.913054       
0.53        0.909804       
0.54        0.906501       
0.55        0.903147       
0.56        0.899741       
0.57        0.896284       
0.58        0.892777       
0.59        0.88922        
0.6         0.885614       
0.61        0.881959       
0.62        0.878257       
0.63        0.874506       
0.64        0.870709       
0.65        0.866865       
0.66        0.862976       
0.67        0.859041       
0.68        0.855062       
0.69        0.851039       
0.7         0.846972       
0.71        0.842863       
0.72        0.838712       
0.73        0.834519       
0.74        0.830285       
0.75        0.826011       
0.76        0.821698       
0.77        0.817346       
0.78        0.812955       
0.79        0.808527       
0.8         0.804062       
0.81        0.799561       
0.82        0.795024       
0.83        0.790452       
0.84        0.785847       
0.85        0.781207       
0.86        0.776535       
0.87        0.771831       
0.88        0.767095       
0.89        0.762329       
0.9         0.757532       
0.91        0.752706       
0.92        0.747852       
0.93        0.74297        
0.94        0.73806        
0.95        0.733124       
0.96        0.728163       
0.97        0.723176       
0.98        0.718165       
0.99        0.713131       
1           0.708073       
1.01        0.702994       
1.02        0.697893       
1.03        0.692772       
1.04        0.68763        
1.05        0.68247        
1.06        0.677291       
1.07        0.672094       
1.08        0.666881       
1.09        0.661651       
1.1         0.656405       
1.11        0.651145       
1.12        0.645871       
1.13        0.640584       
1.14        0.635284       
1.15        0.629972       
1.16        0.624649       
1.17        0.619316       
1.18        0.613973       
1.19        0.608622       
1.2         0.603262       
1.21        0.597894       
1.22        0.592521       
1.23        0.587141       
1.24        0.581756       
1.25        0.576366       
1.26        0.570973       
1.27        0.565576       
1.28        0.560177       
1.29        0.554777       
1.3         0.549375       
1.31        0.543974       
1.32        0.538573       
1.33        0.533173       
1.34        0.527775       
1.35        0.522379       
1.36        0.516987       
1.37        0.511599       
1.38        0.506215       
1.39        0.500837       
1.4         0.495465       
1.41        0.490099       
1.42        0.484741       
1.43        0.479391       
1.44        0.47405        
1.45        0.468718       
1.46        0.463396       
1.47        0.458084       
1.48        0.452784       
1.49        0.447496       
1.5         0.442221       
1.51        0.436958       
1.52        0.43171        
1.53        0.426476       
1.54        0.421256       
1.55        0.416053       
1.56        0.410866       
1.57        0.405696       
1.58        0.400543       
1.59        0.395408       
1.6         0.390292       
1.61        0.385195       
1.62        0.380118       
1.63        0.375061       
1.64        0.370025       
1.65        0.36501        
1.66        0.360017       
1.67        0.355047       
1.68        0.3501         
1.69        0.345176       
1.7         0.340277       
1.71        0.335401       
1.72        0.330551       
1.73        0.325727       
1.74        0.320928       
1.75        0.316156       
1.76        0.311411       
1.77        0.306693       
1.78        0.302004       
1.79        0.297342       
1.8         0.29271        
1.81        0.288106       
1.82        0.283532       
1.83        0.278989       
1.84        0.274475       
1.85        0.269993       
1.86        0.265541       
1.87        0.261122       
1.88        0.256734       
1.89        0.252379       
1.9         0.248056       
1.91        0.243767       
1.92        0.239511       
1.93        0.235289       
1.94        0.231101       
1.95        0.226947       
1.96        0.222828       
1.97        0.218744       
1.98        0.214696       
1.99        0.210683       
2           0.206705       
2.01        0.202765       
2.02        0.19886        
2.03        0.194992       
2.04        0.191161       
2.05        0.187368       
2.06        0.183611       
2.07        0.179892       
2.08        0.176211       
2.09        0.172569       
2.1         0.168964       
2.11        0.165397       
2.12        0.16187        
2.13        0.158381       
2.14        0.154931       
2.15        0.15152        
2.16        0.148148       
2.17        0.144815       
2.18        0.141522       
2.19        0.138269       
2.2         0.135055       
2.21        0.131881       
2.22        0.128747       
2.23        0.125653       
2.24        0.122599       
2.25        0.119585       
2.26        0.116611       
2.27        0.113677       
2.28        0.110784       
2.29        0.107931       
2.3         0.105118       
2.31        0.102346       
2.32        0.0996141      
2.33        0.0969225      
2.34        0.0942713      
2.35        0.0916604      
2.36        0.0890898      
2.37        0.0865595      
2.38        0.0840695      
2.39        0.0816198      
2.4         0.0792102      
2.41        0.0768407      
2.42        0.0745112      
2.43        0.0722218      
2.44        0.0699722      
2.45        0.0677624      
2.46        0.0655923      
2.47        0.0634619      
2.48        0.0613709      
2.49        0.0593193      
2.5         0.057307       
2.51        0.0553338      
2.52        0.0533996      
2.53        0.0515043      
2.54        0.0496476      
2.55        0.0478295      
2.56        0.0460497      
2.57        0.0443082      
2.58        0.0426046      
2.59        0.0409389      
2.6         0.0393109      
2.61        0.0377203      
2.62        0.036167       
2.63        0.0346507      
2.64        0.0331713      
2.65        0.0317284      
2.66        0.030322       
2.67        0.0289517      
2.68        0.0276173      
2.69        0.0263186      
2.7         0.0250554      
2.71        0.0238273      
2.72        0.0226341      
2.73        0.0214756      
2.74        0.0203515      
2.75        0.0192615      
2.76        0.0182053      
2.77        0.0171827      
2.78        0.0161934      
2.79        0.0152371      
2.8         0.0143134      
2.81        0.0134221      
2.82        0.0125629      
2.83        0.0117355      
2.84        0.0109395      
2.85        0.0101747      
2.86        0.00944063     
2.87        0.00873711     
2.88        0.00806375     
2.89        0.00742023     
2.9         0.00680621     
2.91        0.00622136     
2.92        0.00566533     
2.93        0.00513777     
2.94        0.00463835     
2.95        0.00416671     
2.96        0.00372249     
2.97        0.00330535     
2.98        0.00291492     
2.99        0.00255085     
3           0.00221276     
3.01        0.0019003      
3.02        0.00161309     
3.03        0.00135077     
3.04        0.00111297     
3.05        0.000899305    
3.06        0.000709407    
3.07        0.000542898    
3.08        0.000399399    
3.09        0.000278531    
3.1         0.000179912    
3.11        0.000103159    
3.12        4.7889e-05     
3.13        1.3717e-05     
3.14        2.57266e-07    
3.15        7.12339e-06    
3.16        3.39281e-05    
3.17        8.02834e-05    
3.18        0.000145801    
3.19        0.000230092    
3.2         0.000332768    
3.21        0.000453438    
3.22        0.000591714    
3.23        0.000747205    
3.24        0.000919523    
3.25        0.00110828     
3.26        0.00131308     
3.27        0.00153354     
3.28        0.00176928     
3.29        0.00201989     
3.3         0.002285       
3.31        0.00256423     
3.32        0.00285717     
3.33        0.00316346     
3.34        0.0034827      
3.35        0.00381452     
3.36        0.00415853     
3.37        0.00451435     
3.38        0.0048816      
3.39        0.00525991     
3.4         0.0056489      
3.41        0.00604819     
3.42        0.00645742     
3.43        0.00687622     
3.44        0.0073042      
3.45        0.00774102     
3.46        0.00818629     
3.47        0.00863967     
3.48        0.00910079     
3.49        0.00956928     
3.5         0.0100448      
3.51        0.010527       
3.52        0.0110155      
3.53        0.01151        
3.54        0.0120101      
3.55        0.0125155      
3.56        0.0130258      
3.57        0.0135408      
3.58        0.01406        
3.59        0.0145831      
3.6         0.0151099      
3.61        0.0156399      
3.62        0.0161729      
3.63        0.0167086      
3.64        0.0172466      
3.65        0.0177865      
3.66        0.0183282      
3.67        0.0188713      
3.68        0.0194155      
3.69        0.0199605      
3.7         0.0205059      
3.71        0.0210516      
3.72        0.0215972      
3.73        0.0221425      
3.74        0.0226871      
3.75        0.0232307      
3.76        0.0237732      
3.77        0.0243142      
3.78        0.0248535      
3.79        0.0253908      
3.8         0.0259259      
3.81        0.0264585      
3.82        0.0269883      
3.83        0.0275151      
3.84        0.0280387      
3.85        0.0285588      
3.86        0.0290752      
3.87        0.0295877      
3.88        0.0300961      
3.89        0.0306         
3.9         0.0310994      
3.91        0.031594       
3.92        0.0320836      
3.93        0.032568       
3.94        0.033047       
3.95        0.0335203      
3.96        0.0339879      
3.97        0.0344496      
3.98        0.034905       
3.99        0.0353542      
4           0.0357969      
4.01        0.0362329      
4.02        0.0366621      
4.03        0.0370843      
4.04        0.0374994      
4.05        0.0379072      
4.06        0.0383075      
4.07        0.0387003      
4.08        0.0390855      
4.09        0.0394628      
4.1         0.0398321      
4.11        0.0401934      
4.12        0.0405464      
4.13        0.0408912      
4.14        0.0412276      
4.15        0.0415554      
4.16        0.0418747      
4.17        0.0421852      
4.18        0.042487       
4.19        0.0427798      
4.2         0.0430637      
4.21        0.0433386      
4.22        0.0436044      
4.23        0.043861       
4.24        0.0441083      
4.25        0.0443464      
4.26        0.044575       
4.27        0.0447943      
4.28        0.0450042      
4.29        0.0452045      
4.3         0.0453954      
4.31        0.0455766      
4.32        0.0457483      
4.33        0.0459103      
4.34        0.0460627      
4.35        0.0462055      
4.36        0.0463386      
4.37        0.046462       
4.38        0.0465757      
4.39        0.0466797      
4.4         0.0467741      
4.41        0.0468588      
4.42        0.0469338      
4.43        0.0469992      
4.44        0.0470549      
4.45        0.047101       
4.46        0.0471375      
4.47        0.0471645      
4.48        0.0471819      
4.49        0.0471899      
4.5         0.0471884      
4.51        0.0471775      
4.52        0.0471572      
4.53        0.0471276      
4.54        0.0470888      
4.55        0.0470407      
4.56        0.0469835      
4.57        0.0469172      
4.58        0.0468419      
4.59        0.0467577      
4.6         0.0466645      
4.61        0.0465626      
4.62        0.0464519      
4.63        0.0463326      
4.64        0.0462047      
4.65        0.0460683      
4.66        0.0459236      
4.67        0.0457705      
4.68        0.0456092      
4.69        0.0454398      
4.7         0.0452624      
4.71        0.0450771      
4.72        0.0448839      
4.73        0.0446831      
4.74        0.0444746      
4.75        0.0442587      
4.76        0.0440353      
4.77        0.0438047      
4.78        0.043567       
4.79        0.0433222      
4.8         0.0430705      
4.81        0.042812       
4.82        0.0425468      
4.83        0.0422751      
4.84        0.0419969      
4.85        0.0417125      
4.86        0.0414219      
4.87        0.0411253      
4.88        0.0408227      
4.89        0.0405144      
4.9         0.0402005      
4.91        0.039881       
4.92        0.0395562      
4.93        0.0392262      
4.94        0.0388911      
4.95        0.038551       
4.96        0.0382061      
4.97        0.0378566      
4.98        0.0375025      
4.99        0.0371441      
5           0.0367814      
5.01        0.0364147      
5.02        0.036044       
5.03        0.0356695      
5.04        0.0352913      
5.05        0.0349097      
5.06        0.0345247      
5.07        0.0341364      
5.08        0.0337452      
5.09        0.0333509      
5.1         0.032954       
5.11        0.0325544      
5.12        0.0321523      
5.13        0.0317479      
5.14        0.0313413      
5.15        0.0309327      
5.16        0.0305222      
5.17        0.03011        
5.18        0.0296962      
5.19        0.0292809      
5.2         0.0288644      
5.21        0.0284466      
5.22        0.0280279      
5.23        0.0276083      
5.24        0.027188       
5.25        0.0267671      
5.26        0.0263458      
5.27        0.0259242      
5.28        0.0255024      
5.29        0.0250806      
5.3         0.0246589      
5.31        0.0242375      
5.32        0.0238165      
5.33        0.023396       
5.34        0.0229762      
5.35        0.0225572      
5.36        0.0221392      
5.37        0.0217222      
5.38        0.0213064      
5.39        0.0208919      
5.4         0.0204789      
5.41        0.0200675      
5.42        0.0196577      
5.43        0.0192498      
5.44        0.0188439      
5.45        0.01844        
5.46        0.0180383      
5.47        0.0176389      
5.48        0.017242       
5.49        0.0168475      
5.5         0.0164558      
5.51        0.0160668      
5.52        0.0156806      
5.53        0.0152974      
5.54        0.0149173      
5.55        0.0145404      
5.56        0.0141668      
5.57        0.0137966      
5.58        0.0134298      
5.59        0.0130667      
5.6         0.0127072      
5.61        0.0123515      
5.62        0.0119996      
5.63        0.0116517      
5.64        0.0113078      
5.65        0.010968       
5.66        0.0106325      
5.67        0.0103012      
5.68        0.00997426     
5.69        0.00965177     
5.7         0.00933378     
5.71        0.00902038     
5.72        0.00871162     
5.73        0.00840758     
5.74        0.00810833     
5.75        0.00781392     
5.76        0.00752441     
5.77        0.00723988     
5.78        0.00696036     
5.79        0.00668593     
5.8         0.00641662     
5.81        0.0061525      
5.82        0.0058936      
5.83        0.00563997     
5.84        0.00539166     
5.85        0.00514871     
5.86        0.00491116     
5.87        0.00467904     
5.88        0.00445239     
5.89        0.00423124     
5.9         0.00401562     
5.91        0.00380556     
5.92        0.00360109     
5.93        0.00340222     
5.94        0.00320898     
5.95        0.00302139     
5.96        0.00283947     
5.97        0.00266323     
5.98        0.00249268     
5.99        0.00232783     
6           0.0021687      
6.01        0.00201528     
6.02        0.00186758     
6.03        0.00172561     
6.04        0.00158936     
6.05        0.00145883     
6.06        0.00133402     
6.07        0.00121492     
6.08        0.00110152     
6.09        0.000993812    
6.1         0.000891781    
6.11        0.000795414    
6.12        0.000704694    
6.13        0.000619603    
6.14        0.00054012     
6.15        0.000466222    
6.16        0.000397886    
6.17        0.000335085    
6.18        0.00027779     
6.19        0.000225973    
6.2         0.000179601    
6.21        0.00013864     
6.22        0.000103056    
6.23        7.28111e-05    
6.24        4.78666e-05    
6.25        2.8182e-05     
6.26        1.37151e-05    
6.27        4.42202e-06    
6.28        2.57266e-07    
6.29        1.17377e-06    
6.3         7.12288e-06    
6.31        1.80544e-05    
6.32        3.39166e-05    
6.33        5.46562e-05    
6.34        8.02187e-05    
6.35        0.000110548    
6.36        0.000145586    
6.37        0.000185275    
6.38        0.000229553    
6.39        0.000278361    
6.4         0.000331634    
6.41        0.000389308    
6.42        0.000451319    
6.43        0.0005176      
6.44        0.000588083    
6.45        0.0006627      
6.46        0.00074138     
6.47        0.000824053    
6.48        0.000910647    
6.49        0.00100109     
6.5         0.0010953      
6.51        0.00119322     
6.52        0.00129476     
6.53        0.00139984     
6.54        0.0015084      
6.55        0.00162034     
6.56        0.0017356      
6.57        0.00185409     
6.58        0.00197573     
6.59        0.00210044     
6.6         0.00222815     
6.61        0.00235875     
6.62        0.00249219     
6.63        0.00262836     
6.64        0.00276719     
6.65        0.0029086      
6.66        0.00305249     
6.67        0.00319878     
6.68        0.00334739     
6.69        0.00349824     
6.7         0.00365122     
6.71        0.00380627     
6.72        0.00396329     
6.73        0.0041222      
6.74        0.0042829      
6.75        0.00444532     
6.76        0.00460936     
6.77        0.00477493     
6.78        0.00494196     
6.79        0.00511035     
6.8         0.00528002     
6.81        0.00545087     
6.82        0.00562283     
6.83        0.0057958      
6.84        0.0059697      
6.85        0.00614445     
6.86        0.00631994     
6.87        0.00649611     
6.88        0.00667286     
6.89        0.00685011     
6.9         0.00702778     
6.91        0.00720577     
6.92        0.00738401     
6.93        0.00756241     
6.94        0.00774089     
6.95        0.00791936     
6.96        0.00809775     
6.97        0.00827597     
6.98        0.00845394     
6.99        0.00863158     
7           0.0088088      
7.01        0.00898554     
7.02        0.00916171     
7.03        0.00933724     
7.04        0.00951204     
7.05        0.00968605     
7.06        0.00985918     
7.07        0.0100314      
7.08        0.0102025      
7.09        0.0103726      
7.1         0.0105415      
7.11        0.0107091      
7.12        0.0108755      
7.13        0.0110404      
7.14        0.011204       
7.15        0.011366       
7.16        0.0115264      
7.17        0.0116852      
7.18        0.0118423      
7.19        0.0119976      
7.2         0.012151       
7.21        0.0123026      
7.22        0.0124522      
7.23        0.0125998      
7.24        0.0127453      
7.25        0.0128887      
7.26        0.0130299      
7.27        0.0131689      
7.28        0.0133055      
7.29        0.0134399      
7.3         0.0135718      
7.31        0.0137013      
7.32        0.0138283      
7.33        0.0139528      
7.34        0.0140747      
7.35        0.0141939      
7.36        0.0143105      
7.37        0.0144244      
7.38        0.0145355      
7.39        0.0146439      
7.4         0.0147494      
7.41        0.014852       
7.42        0.0149518      
7.43        0.0150486      
7.44        0.0151424      
7.45        0.0152333      
7.46        0.0153211      
7.47        0.0154059      
7.48        0.0154876      
7.49        0.0155662      
7.5         0.0156417      
7.51        0.015714       
7.52        0.0157831      
7.53        0.0158491      
7.54        0.0159118      
7.55        0.0159713      
7.56        0.0160276      
7.57        0.0160806      
7.58        0.0161304      
7.59        0.0161768      
7.6         0.01622        
7.61        0.0162599      
7.62        0.0162965      
7.63        0.0163297      
7.64        0.0163597      
7.65        0.0163863      
7.66        0.0164096      
7.67        0.0164295      
7.68        0.0164462      
7.69        0.0164595      
7.7         0.0164695      
7.71        0.0164762      
7.72        0.0164796      
7.73        0.0164797      
7.74        0.0164764      
7.75        0.01647        
7.76        0.0164602      
7.77        0.0164472      
7.78        0.0164309      
7.79        0.0164114      
7.8         0.0163887      
7.81        0.0163628      
7.82        0.0163337      
7.83        0.0163015      
7.84        0.0162661      
7.85        0.0162276      
7.86        0.016186       
7.87        0.0161413      
7.88        0.0160936      
7.89        0.0160429      
7.9         0.0159892      
7.91        0.0159325      
7.92        0.0158729      
7.93        0.0158104      
7.94        0.015745       
7.95        0.0156767      
7.96        0.0156057      
7.97        0.0155319      
7.98        0.0154554      
7.99        0.0153761      
8           0.0152942      
8.01        0.0152097      
8.02        0.0151226      
8.03        0.0150329      
8.04        0.0149408      
8.05        0.0148461      
8.06        0.0147491      
8.07        0.0146497      
8.08        0.0145479      
8.09        0.0144438      
8.1         0.0143375      
8.11        0.014229       
8.12        0.0141184      
8.13        0.0140056      
8.14        0.0138908      
8.15        0.013774       
8.16        0.0136552      
8.17        0.0135345      
8.18        0.0134119      
8.19        0.0132876      
8.2         0.0131614      
8.21        0.0130336      
8.22        0.0129041      
8.23        0.012773       
8.24        0.0126403      
8.25        0.0125061      
8.26        0.0123705      
8.27        0.0122335      
8.28        0.0120952      
8.29        0.0119555      
8.3         0.0118147      
8.31        0.0116727      
8.32        0.0115295      
8.33        0.0113853      
8.34        0.0112401      
8.35        0.0110939      
8.36        0.0109468      
8.37        0.0107989      
8.38        0.0106502      
8.39        0.0105007      
8.4         0.0103506      
8.41        0.0101999      
8.42        0.0100486      
8.43        0.00989678     
8.44        0.00974453     
8.45        0.00959188     
8.46        0.00943889     
8.47        0.00928562     
8.48        0.00913212     
8.49        0.00897845     
8.5         0.00882466     
8.51        0.00867081     
8.52        0.00851695     
8.53        0.00836314     
8.54        0.00820943     
8.55        0.00805587     
8.56        0.00790253     
8.57        0.00774945     
8.58        0.00759668     
8.59        0.00744428     
8.6         0.00729231     
8.61        0.00714081     
8.62        0.00698983     
8.63        0.00683943     
8.64        0.00668965     
8.65        0.00654055     
8.66        0.00639218     
8.67        0.00624459     
8.68        0.00609782     
8.69        0.00595193     
8.7         0.00580695     
8.71        0.00566295     
8.72        0.00551996     
8.73        0.00537803     
8.74        0.00523721     
8.75        0.00509753     
8.76        0.00495906     
8.77        0.00482182     
8.78        0.00468587     
8.79        0.00455124     
8.8         0.00441798     
8.81        0.00428612     
8.82        0.00415571     
8.83        0.00402678     
8.84        0.00389938     
8.85        0.00377355     
8.86        0.00364931     
8.87        0.00352671     
8.88        0.00340578     
8.89        0.00328655     
8.9         0.00316907     
8.91        0.00305336     
8.92        0.00293945     
8.93        0.00282738     
8.94        0.00271718     
8.95        0.00260888     
8.96        0.0025025      
8.97        0.00239808     
8.98        0.00229564     
8.99        0.00219521     
9           0.00209681     
9.01        0.00200047     
9.02        0.00190621     
9.03        0.00181405     
9.04        0.00172403     
9.05        0.00163614     
9.06        0.00155043     
9.07        0.0014669      
9.08        0.00138558     
9.09        0.00130647     
9.1         0.00122961     
9.11        0.001155       
9.12        0.00108265     
9.13        0.00101259     
9.14        0.000944818    
9.15        0.000879354    
9.16        0.000816206    
9.17        0.000755384    
9.18        0.000696896    
9.19        0.000640751    
9.2         0.000586956    
9.21        0.000535515    
9.22        0.000486436    
9.23        0.000439721    
9.24        0.000395374    
9.25        0.000353397    
9.26        0.000313792    
9.27        0.000276559    
9.28        0.000241698    
9.29        0.000209206    
9.3         0.000179083    
9.31        0.000151325    
9.32        0.000125927    
9.33        0.000102885    
9.34        8.21924e-05    
9.35        6.38432e-05    
9.36        4.78294e-05    
9.37        3.41427e-05    
9.38        2.27737e-05    
9.39        1.3712e-05     
9.4         6.94683e-06    
9.41        2.46614e-06    
9.42        2.57265e-07    
9.43        3.06657e-07    
9.44        2.59997e-06    
9.45        7.12204e-06    
9.46        1.38569e-05    
9.47        2.27879e-05    
9.48        3.38974e-05    
9.49        4.71672e-05    
9.5         6.25783e-05    
9.51        8.01108e-05    
9.52        9.97443e-05    
9.53        0.000121457    
9.54        0.000145228    
9.55        0.000171034    
9.56        0.000198852    
9.57        0.000228658    
9.58        0.000260426    
9.59        0.000294133    
9.6         0.000329751    
9.61        0.000367254    
9.62        0.000406615    
9.63        0.000447806    
9.64        0.000490799    
9.65        0.000535564    
9.66        0.000582073    
9.67        0.000630294    
9.68        0.000680198    
9.69        0.000731753    
9.7         0.000784928    
9.71        0.00083969     
9.72        0.000896006    
9.73        0.000953845    
9.74        0.00101317     
9.75        0.00107395     
9.76        0.00113615     
9.77        0.00119974     
9.78        0.00126467     
9.79        0.00133092     
9.8         0.00139845     
9.81        0.00146722     
9.82        0.00153719     
9.83        0.00160833     
9.84        0.00168061     
9.85        0.00175398     
9.86        0.0018284      
9.87        0.00190384     
9.88        0.00198027     
9.89        0.00205763     
9.9         0.0021359      
9.91        0.00221503     
9.92        0.00229498     
9.93        0.00237572     
9.94        0.00245721     
9.95        0.0025394      
9.96        0.00262226     
9.97        0.00270575     
9.98        0.00278983     
9.99        0.00287446     
10          0.00295959     
10.01       0.00304519     
10.02       0.00313122     
10.03       0.00321765     
10.04       0.00330442     
10.05       0.0033915      
10.06       0.00347885     
10.07       0.00356642     
10.08       0.00365419     
10.09       0.00374211     
10.1        0.00383015     
10.11       0.00391825     
10.12       0.00400639     
10.13       0.00409452     
10.14       0.00418261     
10.15       0.00427061     
10.16       0.00435849     
10.17       0.00444621     
10.18       0.00453374     
10.19       0.00462103     
10.2        0.00470804     
10.21       0.00479474     
10.22       0.0048811      
10.23       0.00496707     
10.24       0.00505263     
10.25       0.00513772     
10.26       0.00522232     
10.27       0.0053064      
10.28       0.00538991     
10.29       0.00547283     
10.3        0.00555511     
10.31       0.00563673     
10.32       0.00571765     
10.33       0.00579783     
10.34       0.00587725     
10.35       0.00595588     
10.36       0.00603367     
10.37       0.00611061     
10.38       0.00618666     
10.39       0.00626178     
10.4        0.00633595     
10.41       0.00640915     
10.42       0.00648133     
10.43       0.00655248     
10.44       0.00662256     
10.45       0.00669154     
10.46       0.00675941     
10.47       0.00682614     
10.48       0.00689169     
10.49       0.00695604     
10.5        0.00701918     
10.51       0.00708107     
10.52       0.00714169     
10.53       0.00720103     
10.54       0.00725905     
10.55       0.00731573     
10.56       0.00737107     
10.57       0.00742502     
10.58       0.00747758     
10.59       0.00752873     
10.6        0.00757845     
10.61       0.00762671     
10.62       0.00767351     
10.63       0.00771883     
10.64       0.00776265     
10.65       0.00780495     
10.66       0.00784573     
10.67       0.00788496     
10.68       0.00792264     
10.69       0.00795875     
10.7        0.00799328     
10.71       0.00802622     
10.72       0.00805756     
10.73       0.00808729     
10.74       0.0081154      
10.75       0.00814188     
10.76       0.00816672     
10.77       0.00818993     
10.78       0.00821148     
10.79       0.00823138     
10.8        0.00824962     
10.81       0.0082662      
10.82       0.00828111     
10.83       0.00829435     
10.84       0.00830591     
10.85       0.00831581     
10.86       0.00832402     
10.87       0.00833057     
10.88       0.00833543     
10.89       0.00833863     
10.9        0.00834015     
10.91       0.00834        
10.92       0.00833819     
10.93       0.00833472     
10.94       0.00832958     
10.95       0.0083228      
10.96       0.00831437     
10.97       0.00830429     
10.98       0.00829259     
10.99       0.00827925     
11          0.0082643      
11.01       0.00824774     
11.02       0.00822958     
11.03       0.00820983     
11.04       0.0081885      
11.05       0.0081656      
11.06       0.00814115     
11.07       0.00811516     
11.08       0.00808763     
11.09       0.00805859     
11.1        0.00802804     
11.11       0.00799601     
11.12       0.0079625      
11.13       0.00792753     
11.14       0.00789113     
11.15       0.0078533      
11.16       0.00781406     
11.17       0.00777344     
11.18       0.00773144     
11.19       0.00768809     
11.2        0.00764341     
11.21       0.00759741     
11.22       0.00755012     
11.23       0.00750156     
11.24       0.00745175     
11.25       0.00740071     
11.26       0.00734846     
11.27       0.00729502     
11.28       0.00724043     
11.29       0.00718469     
11.3        0.00712783     
11.31       0.00706988     
11.32       0.00701087     
11.33       0.00695081     
11.34       0.00688972     
11.35       0.00682765     
11.36       0.00676461     
11.37       0.00670062     
11.38       0.00663572     
11.39       0.00656993     
11.4        0.00650327     
11.41       0.00643578     
11.42       0.00636747     
11.43       0.00629839     
11.44       0.00622854     
11.45       0.00615798     
11.46       0.00608671     
11.47       0.00601477     
11.48       0.00594219     
11.49       0.00586899     
11.5        0.00579521     
11.51       0.00572087     
11.52       0.005646       
11.53       0.00557064     
11.54       0.0054948      
11.55       0.00541853     
11.56       0.00534184     
11.57       0.00526477     
11.58       0.00518735     
11.59       0.0051096      
11.6        0.00503156     
11.61       0.00495326     
11.62       0.00487472     
11.63       0.00479598     
11.64       0.00471706     
11.65       0.00463799     
11.66       0.00455881     
11.67       0.00447954     
11.68       0.00440021     
11.69       0.00432086     
11.7        0.0042415      
11.71       0.00416217     
11.72       0.00408291     
11.73       0.00400373     
11.74       0.00392466     
11.75       0.00384574     
11.76       0.00376699     
11.77       0.00368845     
11.78       0.00361013     
11.79       0.00353208     
11.8        0.0034543      
11.81       0.00337684     
11.82       0.00329972     
11.83       0.00322297     
11.84       0.00314661     
11.85       0.00307067     
11.86       0.00299518     
11.87       0.00292016     
11.88       0.00284565     
11.89       0.00277165     
11.9        0.00269821     
11.91       0.00262534     
11.92       0.00255307     
11.93       0.00248143     
11.94       0.00241043     
11.95       0.00234011     
11.96       0.00227048     
11.97       0.00220157     
11.98       0.0021334      
11.99       0.002066       
12          0.00199938     
12.01       0.00193357     
12.02       0.00186858     
12.03       0.00180445     
12.04       0.00174118     
12.05       0.0016788      
12.06       0.00161734     
12.07       0.0015568      
12.08       0.00149721     
12.09       0.00143858     
12.1        0.00138094     
12.11       0.00132429     
12.12       0.00126867     
12.13       0.00121408     
12.14       0.00116054     
12.15       0.00110806     
12.16       0.00105667     
12.17       0.00100637     
12.18       0.000957181    
12.19       0.000909117    
12.2        0.000862189    
12.21       0.000816411    
12.22       0.000771795    
12.23       0.000728352    
12.24       0.000686095    
12.25       0.000645033    
12.26       0.000605177    
12.27       0.000566537    
12.28       0.000529122    
12.29       0.00049294     
12.3        0.000458001    
12.31       0.000424311    
12.32       0.000391879    
12.33       0.000360709    
12.34       0.00033081     
12.35       0.000302186    
12.36       0.000274843    
12.37       0.000248785    
12.38       0.000224016    
12.39       0.00020054     
12.4        0.000178361    
12.41       0.00015748     
12.42       0.000137899    
12.43       0.00011962     
12.44       0.000102645    
12.45       8.69734e-05    
12.46       7.26054e-05    
12.47       5.95404e-05    
12.48       4.77774e-05    
12.49       3.7315e-05     
12.5        2.8151e-05     
12.51       2.02829e-05    
12.52       1.37077e-05    
12.53       8.42185e-06    
12.54       4.42125e-06    
12.55       1.70139e-06    
12.56       2.57263e-07    
12.57       8.33669e-08    
12.58       1.17372e-06    
12.59       3.52186e-06    
12.6        7.12087e-06    
12.61       1.19633e-05    
12.62       1.80414e-05    
12.63       2.53468e-05    
12.64       3.38706e-05    
12.65       4.36038e-05    
12.66       5.45365e-05    
12.67       6.66588e-05    
12.68       7.996e-05      
12.69       9.44292e-05    
12.7        0.000110055    
12.71       0.000126826    
12.72       0.000144729    
12.73       0.000163752    
12.74       0.000183882    
12.75       0.000205105    
12.76       0.000227409    
12.77       0.000250777    
12.78       0.000275197    
12.79       0.000300653    
12.8        0.000327129    
12.81       0.00035461     
12.82       0.000383081    
12.83       0.000412524    
12.84       0.000442924    
12.85       0.000474263    
12.86       0.000506524    
12.87       0.000539689    
12.88       0.00057374     
12.89       0.00060866     
12.9        0.000644429    
12.91       0.00068103     
12.92       0.000718443    
12.93       0.000756648    
12.94       0.000795627    
12.95       0.00083536     
12.96       0.000875825    
12.97       0.000917005    
12.98       0.000958877    
12.99       0.00100142     
13          0.00104462     
13.01       0.00108844     
13.02       0.00113288     
13.03       0.0011779      
13.04       0.00122349     
13.05       0.00126963     
13.06       0.00131628     
13.07       0.00136344     
13.08       0.00141108     
13.09       0.00145917     
13.1        0.0015077      
13.11       0.00155664     
13.12       0.00160597     
13.13       0.00165566     
13.14       0.0017057      
13.15       0.00175606     
13.16       0.00180672     
13.17       0.00185766     
13.18       0.00190884     
13.19       0.00196026     
13.2        0.00201189     
13.21       0.00206369     
13.22       0.00211566     
13.23       0.00216777     
13.24       0.00221999     
13.25       0.00227231     
13.26       0.0023247      
13.27       0.00237713     
13.28       0.00242958     
13.29       0.00248204     
13.3        0.00253448     
13.31       0.00258687     
13.32       0.0026392      
13.33       0.00269143     
13.34       0.00274356     
13.35       0.00279556     
13.36       0.0028474      
13.37       0.00289906     
13.38       0.00295053     
13.39       0.00300177     
13.4        0.00305278     
13.41       0.00310352     
13.42       0.00315398     
13.43       0.00320413     
13.44       0.00325396     
13.45       0.00330344     
13.46       0.00335256     
13.47       0.00340129     
13.48       0.00344961     
13.49       0.00349751     
13.5        0.00354496     
13.51       0.00359195     
13.52       0.00363846     
13.53       0.00368446     
13.54       0.00372994     
13.55       0.00377489     
13.56       0.00381928     
13.57       0.00386309     
13.58       0.00390631     
13.59       0.00394892     
13.6        0.00399091     
13.61       0.00403226     
13.62       0.00407295     
13.63       0.00411296     
13.64       0.00415228     
13.65       0.0041909      
13.66       0.0042288      
13.67       0.00426597     
13.68       0.00430239     
13.69       0.00433804     
13.7        0.00437292     
13.71       0.00440701     
13.72       0.0044403      
13.73       0.00447278     
13.74       0.00450443     
13.75       0.00453524     
13.76       0.0045652      
13.77       0.0045943      
13.78       0.00462253     
13.79       0.00464988     
13.8        0.00467634     
13.81       0.00470189     
13.82       0.00472654     
13.83       0.00475027     
13.84       0.00477307     
13.85       0.00479494     
13.86       0.00481586     
13.87       0.00483584     
13.88       0.00485486     
13.89       0.00487292     
13.9        0.00489001     
13.91       0.00490612     
13.92       0.00492126     
13.93       0.00493542     
13.94       0.00494858     
13.95       0.00496076     
13.96       0.00497194     
13.97       0.00498212     
13.98       0.0049913      
13.99       0.00499948     
14          0.00500665     
14.01       0.00501281     
14.02       0.00501797     
14.03       0.00502212     
14.04       0.00502526     
14.05       0.0050274      
14.06       0.00502853     
14.07       0.00502865     
14.08       0.00502776     
14.09       0.00502587     
14.1        0.00502298     
14.11       0.00501909     
14.12       0.00501421     
14.13       0.00500833     
14.14       0.00500147     
14.15       0.00499362     
14.16       0.00498479     
14.17       0.00497499     
14.18       0.00496421     
14.19       0.00495248     
14.2        0.00493978     
14.21       0.00492613     
14.22       0.00491154     
14.23       0.00489601     
14.24       0.00487955     
14.25       0.00486216     
14.26       0.00484386     
14.27       0.00482466     
14.28       0.00480455     
14.29       0.00478356     
14.3        0.00476169     
14.31       0.00473896     
14.32       0.00471536     
14.33       0.00469091     
14.34       0.00466563     
14.35       0.00463952     
14.36       0.0046126      
14.37       0.00458487     
14.38       0.00455635     
14.39       0.00452705     
14.4        0.00449699     
14.41       0.00446617     
14.42       0.00443461     
14.43       0.00440232     
14.44       0.00436931     
14.45       0.00433561     
14.46       0.00430122     
14.47       0.00426616     
14.48       0.00423044     
14.49       0.00419408     
14.5        0.00415709     
14.51       0.00411949     
14.52       0.00408129     
14.53       0.00404251     
14.54       0.00400316     
14.55       0.00396327     
14.56       0.00392284     
14.57       0.00388189     
14.58       0.00384044     
14.59       0.00379851     
14.6        0.0037561      
14.61       0.00371325     
14.62       0.00366997     
14.63       0.00362626     
14.64       0.00358216     
14.65       0.00353768     
14.66       0.00349283     
14.67       0.00344763     
14.68       0.0034021      
14.69       0.00335627     
14.7        0.00331014     
14.71       0.00326373     
14.72       0.00321707     
14.73       0.00317017     
14.74       0.00312304     
14.75       0.00307571     
14.76       0.0030282      
14.77       0.00298052     
14.78       0.00293269     
14.79       0.00288473     
14.8        0.00283666     
14.81       0.00278849     
14.82       0.00274025     
14.83       0.00269195     
14.84       0.00264361     
14.85       0.00259525     
14.86       0.00254688     
14.87       0.00249854     
14.88       0.00245022     
14.89       0.00240195     
14.9        0.00235376     
14.91       0.00230565     
14.92       0.00225764     
14.93       0.00220976     
14.94       0.00216201     
14.95       0.00211442     
14.96       0.00206701     
14.97       0.00201979     
14.98       0.00197277     
14.99       0.00192599     
15          0.00187944     
15.01       0.00183316     
15.02       0.00178714     
15.03       0.00174143     
15.04       0.00169602     
15.05       0.00165093     
15.06       0.00160619     
15.07       0.0015618      
15.08       0.00151778     
15.09       0.00147415     
15.1        0.00143093     
15.11       0.00138812     
15.12       0.00134574     
15.13       0.00130381     
15.14       0.00126234     
15.15       0.00122135     
15.16       0.00118085     
15.17       0.00114085     
15.18       0.00110136     
15.19       0.00106241     
15.2        0.00102399     
15.21       0.000986138    
15.22       0.00094885     
15.23       0.000912142    
15.24       0.000876026    
15.25       0.000840514    
15.26       0.000805617    
15.27       0.000771347    
15.28       0.000737715    
15.29       0.00070473     
15.3        0.000672404    
15.31       0.000640746    
15.32       0.000609767    
15.33       0.000579475    
15.34       0.00054988     
15.35       0.000520991    
15.36       0.000492816    
15.37       0.000465364    
15.38       0.000438642    
15.39       0.000412659    
15.4        0.000387421    
15.41       0.000362935    
15.42       0.000339209    
15.43       0.000316249    
15.44       0.00029406     
15.45       0.000272649    
15.46       0.000252021    
15.47       0.000232181    
15.48       0.000213134    
15.49       0.000194884    
15.5        0.000177435    
15.51       0.000160792    
15.52       0.000144958    
15.53       0.000129936    
15.54       0.000115728    
15.55       0.000102338    
15.56       8.97671e-05    
15.57       7.80176e-05    
15.58       6.7091e-05     
15.59       5.69883e-05    
15.6        4.77106e-05    
15.61       3.92583e-05    
15.62       3.16315e-05    
15.63       2.48303e-05    
15.64       1.88541e-05    
15.65       1.37022e-05    
15.66       9.37348e-06    
15.67       5.86652e-06    
15.68       3.17959e-06    
15.69       1.31062e-06    
15.7        2.57261e-07    
15.71       1.6808e-08     
15.72       5.86261e-07    
15.73       1.96231e-06    
15.74       4.14132e-06    
15.75       7.11936e-06    
15.76       1.08922e-05    
15.77       1.54553e-05    
15.78       2.08038e-05    
15.79       2.69326e-05    
15.8        3.38362e-05    
15.81       4.15089e-05    
15.82       4.99448e-05    
15.83       5.91374e-05    
15.84       6.90803e-05    
15.85       7.97665e-05    
15.86       9.11889e-05    
15.87       0.00010334     
15.88       0.000116212    
15.89       0.000129798    
15.9        0.000144088    
15.91       0.000159075    
15.92       0.00017475     
15.93       0.000191104    
15.94       0.000208127    
15.95       0.00022581     
15.96       0.000244144    
15.97       0.000263119    
15.98       0.000282723    
15.99       0.000302948    
16          0.000323782    
16.01       0.000345215    
16.02       0.000367236    
16.03       0.000389833    
16.04       0.000412995    
16.05       0.00043671     
16.06       0.000460967    
16.07       0.000485753    
16.08       0.000511057    
16.09       0.000536866    
16.1        0.000563167    
16.11       0.000589949    
16.12       0.000617197    
16.13       0.0006449      
16.14       0.000673043    
16.15       0.000701615    
16.16       0.0007306      
16.17       0.000759987    
16.18       0.00078976     
16.19       0.000819907    
16.2        0.000850414    
16.21       0.000881265    
16.22       0.000912449    
16.23       0.000943949    
16.24       0.000975753    
16.25       0.00100785     
16.26       0.00104021     
16.27       0.00107284     
16.28       0.00110571     
16.29       0.00113881     
16.3        0.00117213     
16.31       0.00120564     
16.32       0.00123935     
16.33       0.00127322     
16.34       0.00130726     
16.35       0.00134143     
16.36       0.00137573     
16.37       0.00141015     
16.38       0.00144465     
16.39       0.00147925     
16.4        0.00151391     
16.41       0.00154862     
16.42       0.00158337     
16.43       0.00161814     
16.44       0.00165292     
16.45       0.00168769     
16.46       0.00172244     
16.47       0.00175715     
16.48       0.00179182     
16.49       0.00182641     
16.5        0.00186093     
16.51       0.00189535     
16.52       0.00192967     
16.53       0.00196386     
16.54       0.00199791     
16.55       0.00203181     
16.56       0.00206554     
16.57       0.0020991      
16.58       0.00213246     
16.59       0.00216561     
16.6        0.00219855     
16.61       0.00223125     
16.62       0.0022637      
16.63       0.00229589     
16.64       0.00232781     
16.65       0.00235944     
16.66       0.00239077     
16.67       0.00242179     
16.68       0.00245248     
16.69       0.00248283     
16.7        0.00251284     
16.71       0.00254249     
16.72       0.00257176     
16.73       0.00260065     
16.74       0.00262914     
16.75       0.00265722     
16.76       0.00268489     
16.77       0.00271213     
16.78       0.00273892     
16.79       0.00276527     
16.8        0.00279115     
16.81       0.00281657     
16.82       0.0028415      
16.83       0.00286594     
16.84       0.00288989     
16.85       0.00291332     
16.86       0.00293624     
16.87       0.00295863     
16.88       0.00298048     
16.89       0.00300179     
16.9        0.00302255     
16.91       0.00304275     
16.92       0.00306239     
16.93       0.00308145     
16.94       0.00309992     
16.95       0.00311781     
16.96       0.00313511     
16.97       0.0031518      
16.98       0.00316789     
16.99       0.00318336     
17          0.00319822     
17.01       0.00321245     
17.02       0.00322605     
17.03       0.00323902     
17.04       0.00325136     
17.05       0.00326305     
17.06       0.00327409     
17.07       0.00328448     
17.08       0.00329422     
17.09       0.00330331     
17.1        0.00331173     
17.11       0.0033195      
17.12       0.0033266      
17.13       0.00333303     
17.14       0.00333879     
17.15       0.00334389     
17.16       0.00334831     
17.17       0.00335206     
17.18       0.00335514     
17.19       0.00335755     
17.2        0.00335928     
17.21       0.00336034     
17.22       0.00336073     
17.23       0.00336044     
17.24       0.00335949     
17.25       0.00335786     
17.26       0.00335556     
17.27       0.0033526      
17.28       0.00334897     
17.29       0.00334468     
17.3        0.00333973     
17.31       0.00333413     
17.32       0.00332786     
17.33       0.00332095     
17.34       0.00331339     
17.35       0.00330518     
17.36       0.00329633     
17.37       0.00328685     
17.38       0.00327674     
17.39       0.003266       
17.4        0.00325463     
17.41       0.00324265     
17.42       0.00323006     
17.43       0.00321687     
17.44       0.00320307     
17.45       0.00318868     
17.46       0.00317371     
17.47       0.00315815     
17.48       0.00314202     
17.49       0.00312533     
17.5        0.00310807     
17.51       0.00309026     
17.52       0.00307191     
17.53       0.00305302     
17.54       0.0030336      
17.55       0.00301366     
17.56       0.00299321     
17.57       0.00297226     
17.58       0.00295081     
17.59       0.00292887     
17.6        0.00290646     
17.61       0.00288358     
17.62       0.00286025     
17.63       0.00283646     
17.64       0.00281224     
17.65       0.00278759     
17.66       0.00276252     
17.67       0.00273704     
17.68       0.00271117     
17.69       0.0026849      
17.7        0.00265826     
17.71       0.00263126     
17.72       0.00260389     
17.73       0.00257619     
17.74       0.00254815     
17.75       0.00251979     
17.76       0.00249112     
17.77       0.00246215     
17.78       0.00243289     
17.79       0.00240336     
17.8        0.00237356     
17.81       0.00234351     
17.82       0.00231322     
17.83       0.0022827      
17.84       0.00225197     
17.85       0.00222103     
17.86       0.0021899      
17.87       0.00215858     
17.88       0.0021271      
17.89       0.00209546     
17.9        0.00206368     
17.91       0.00203177     
17.92       0.00199974     
17.93       0.0019676      
17.94       0.00193537     
17.95       0.00190305     
17.96       0.00187067     
17.97       0.00183823     
17.98       0.00180574     
17.99       0.00177322     
18          0.00174068     
18.01       0.00170814     
18.02       0.0016756      
18.03       0.00164307     
18.04       0.00161058     
18.05       0.00157812     
18.06       0.00154572     
18.07       0.00151339     
18.08       0.00148113     
18.09       0.00144896     
18.1        0.00141689     
18.11       0.00138494     
18.12       0.00135311     
18.13       0.00132142     
18.14       0.00128988     
18.15       0.0012585      
18.16       0.00122729     
18.17       0.00119627     
18.18       0.00116544     
18.19       0.00113481     
18.2        0.0011044      
18.21       0.00107422     
18.22       0.00104428     
18.23       0.00101459     
18.24       0.000985159    
18.25       0.000955999    
18.26       0.000927119    
18.27       0.000898531    
18.28       0.000870244    
18.29       0.000842269    
18.3        0.000814615    
18.31       0.000787291    
18.32       0.000760309    
18.33       0.000733676    
18.34       0.000707402    
18.35       0.000681497    
18.36       0.000655968    
18.37       0.000630825    
18.38       0.000606077    
18.39       0.000581731    
18.4        0.000557796    
18.41       0.000534279    
18.42       0.00051119     
18.43       0.000488535    
18.44       0.000466321    
18.45       0.000444557    
18.46       0.000423248    
18.47       0.000402403    
18.48       0.000382028    
18.49       0.000362128    
18.5        0.000342711    
18.51       0.000323783    
18.52       0.000305349    
18.53       0.000287415    
18.54       0.000269987    
18.55       0.000253069    
18.56       0.000236667    
18.57       0.000220785    
18.58       0.000205429    
18.59       0.000190602    
18.6        0.000176309    
18.61       0.000162554    
18.62       0.00014934     
18.63       0.000136671    
18.64       0.000124549    
18.65       0.000112979    
18.66       0.000101963    
18.67       9.15037e-05    
18.68       8.1603e-05     
18.69       7.22634e-05    
18.7        6.34868e-05    
18.71       5.52749e-05    
18.72       4.7629e-05     
18.73       4.05505e-05    
18.74       3.40404e-05    
18.75       2.80994e-05    
18.76       2.2728e-05     
18.77       1.79267e-05    
18.78       1.36955e-05    
18.79       1.00342e-05    
18.8        6.94256e-06    
18.81       4.41997e-06    
18.82       2.4656e-06     
18.83       1.07845e-06    
18.84       2.57259e-07    
18.85       5.55005e-10    
18.86       3.06649e-07    
18.87       1.17363e-06    
18.88       2.59937e-06    
18.89       4.58152e-06    
18.9        7.11751e-06    
18.91       1.02046e-05    
18.92       1.38397e-05    
18.93       1.80198e-05    
18.94       2.27413e-05    
18.95       2.80007e-05    
18.96       3.37942e-05    
18.97       4.01176e-05    
18.98       4.69669e-05    
18.99       5.43375e-05    
19          6.22249e-05    
19.01       7.06242e-05    
19.02       7.95304e-05    
19.03       8.89383e-05    
19.04       9.88426e-05    
19.05       0.000109238    
19.06       0.000120118    
19.07       0.000131477    
19.08       0.000143309    
19.09       0.000155608    
19.1        0.000168367    
19.11       0.000181579    
19.12       0.000195238    
19.13       0.000209337    
19.14       0.000223869    
19.15       0.000238827    
19.16       0.000254202    
19.17       0.000269988    
19.18       0.000286176    
19.19       0.000302759    
19.2        0.00031973     
19.21       0.000337079    
19.22       0.000354798    
19.23       0.000372879    
19.24       0.000391314    
19.25       0.000410094    
19.26       0.000429209    
19.27       0.000448652    
19.28       0.000468414    
19.29       0.000488484    
19.3        0.000508854    
19.31       0.000529515    
19.32       0.000550457    
19.33       0.00057167     
19.34       0.000593146    
19.35       0.000614874    
19.36       0.000636845    
19.37       0.000659048    
19.38       0.000681475    
19.39       0.000704115    
19.4        0.000726958    
19.41       0.000749993    
19.42       0.000773212    
19.43       0.000796603    
19.44       0.000820156    
19.45       0.000843862    
19.46       0.000867709    
19.47       0.000891688    
19.48       0.000915788    
19.49       0.000939998    
19.5        0.000964309    
19.51       0.00098871     
19.52       0.00101319     
19.53       0.00103774     
19.54       0.00106234     
19.55       0.001087       
19.56       0.00111169     
19.57       0.00113641     
19.58       0.00116115     
19.59       0.00118589     
19.6        0.00121063     
19.61       0.00123535     
19.62       0.00126005     
19.63       0.00128471     
19.64       0.00130933     
19.65       0.00133389     
19.66       0.00135838     
19.67       0.0013828      
19.68       0.00140713     
19.69       0.00143137     
19.7        0.00145549     
19.71       0.00147951     
19.72       0.00150339     
19.73       0.00152714     
19.74       0.00155074     
19.75       0.00157419     
19.76       0.00159748     
19.77       0.00162058     
19.78       0.00164351     
19.79       0.00166624     
19.8        0.00168877     
19.81       0.00171109     
19.82       0.00173318     
19.83       0.00175505     
19.84       0.00177668     
19.85       0.00179806     
19.86       0.00181919     
19.87       0.00184005     
19.88       0.00186064     
19.89       0.00188096     
19.9        0.00190098     
19.91       0.0019207      
19.92       0.00194013     
19.93       0.00195924     
19.94       0.00197803     
19.95       0.00199649     
19.96       0.00201462     
19.97       0.00203242     
19.98       0.00204986     
19.99       0.00206695     
