#Alpha       IntensityDeriv (I)
0           nan            
0.25        -0.163907      
0.5         -0.311698      
0.75        -0.429373      
1           -0.506849      
1.25        -0.539163      
1.5         -0.526907      
1.75        -0.475863      
2           -0.395906      
2.25        -0.29939       
2.5         -0.199274      
2.75        -0.107303      
3           -0.0325213     
3.25        0.0196844      
3.5         0.0478917      
3.75        0.0543125      
4           0.0439365      
4.25        0.023338       
4.5         -0.000621093   
4.75        -0.021966      
5           -0.0364734     
5.25        -0.0421134     
5.5         -0.0390414     
5.75        -0.0291966     
6           -0.0156277     
6.25        -0.00170686    
6.5         0.00960777     
6.75        0.0163242      
7           0.0176997      
7.25        0.0142308      
7.5         0.00738956     
7.75        -0.000812767   
8           -0.00832204    
8.25        -0.0134896     
8.5         -0.0153829     
8.75        -0.013908      
9           -0.00973741    
9.25        -0.00407911    
9.5         0.00164751     
9.75        0.00614962     
10          0.00853753     
10.25       0.00848549     
10.5        0.00625173     
10.75       0.00256648     
11          -0.00157575    
11.25       -0.00516496    
11.5        -0.0074065     
11.75       -0.0078838     
12          -0.00662197    
12.25       -0.00404605    
12.5        -0.000851555   
12.75       0.00217657     
13          0.00435147     
13.25       0.00523541     
13.5        0.00472242     
13.75       0.00303879     
14          0.000666937    
14.25       -0.00178431    
14.5        -0.0037298     
14.75       -0.00474238    
15          -0.00464184    
15.25       -0.00352061    
15.5        -0.00170463    
15.75       0.000337617    
16          0.00211354     
16.25       0.00322316     
16.5        0.0034472      
16.75       0.0027877      
17          0.00145447     
17.25       -0.000196122   
17.5        -0.00175336    
17.75       -0.00285172    
18          -0.00325446    
18.25       -0.00290219    
18.5        -0.00191737    
18.75       -0.000565625   
19          0.000814416    
19.25       0.00189492     
19.5        0.00243573     
19.75       0.00233671     
