#Alpha       Intensity (I)
0           nan            
0.25        0.97934        
0.5         0.919395       
0.75        0.826011       
1           0.708073       
1.25        0.576366       
1.5         0.442221       
1.75        0.316156       
2           0.206705       
2.25        0.119585       
2.5         0.057307       
2.75        0.0192615      
3           0.00221276     
3.25        0.00110828     
3.5         0.0100448      
3.75        0.0232307      
4           0.0357969      
4.25        0.0443464      
4.5         0.0471884      
4.75        0.0442587
4.49341     0.0471905      
5           0.0367814      
5.25        0.0267671      
5.5         0.0164558      
5.75        0.00781392     
6           0.0021687      
6.25        2.8182e-05     
6.5         0.0010953      
6.75        0.00444532     
7           0.0088088      
7.25        0.0128887      
7.5         0.0156417 
7.72525	    0.0164800     
7.75        0.01647        
8           0.0152942      
8.25        0.0125061      
8.5         0.00882466     
8.75        0.00509753     
9           0.00209681     
9.25        0.000353397    
9.5         6.25783e-05    
9.75        0.00107395     
10          0.00295959     
10.25       0.00513772     
10.5        0.00701918     
10.75       0.00814188 
10.9041     0.00834029    
11          0.0082643      
11.25       0.00740071     
11.5        0.00579521     
11.75       0.00384574     
12          0.00199938     
12.25       0.000645033    
12.5        2.8151e-05     
12.75       0.000205105    
13          0.00104462     
13.25       0.00227231     
13.5        0.00354496     
13.75       0.00453524     
14          0.00500665  
14.0662     0.00502812   
14.25       0.00486216     
14.5        0.00415709     
14.75       0.00307571     
15          0.00187944     
15.25       0.000840514    
15.5        0.000177435    
15.75       7.11936e-06    
16          0.000323782    
16.25       0.00100785     
16.5        0.00186093     
16.75       0.00265722     
17          0.00319822
17.2218     0.00336073     
17.25       0.00335786     
17.5        0.00310807     
17.75       0.00251979     
18          0.00174068     
18.25       0.000955999    
18.5        0.000342711    
18.75       2.80994e-05    
19          6.22249e-05    
19.25       0.000410094    
19.5        0.000964309    
19.75       0.00157419     
