#k       T (roots of function)
0.001       7.05403        
0.006       7.01315        
0.011       6.9732         
0.016       6.93416        
0.021       6.89598        
0.026       6.85864        
0.031       6.8221         
0.036       6.78633        
0.041       6.75132        
0.046       6.71692        
0.051       6.68321        
0.056       6.65072        
0.061       6.6184         
0.066       6.58674        
0.071       6.55571        
0.076       6.52529        
0.081       6.49545        
0.086       6.46617        
0.091       6.43744        
0.096       6.40918        
0.101       6.38153        
0.106       6.35436        
0.111       6.32767        
0.116       6.30166        
0.121       6.27561        
0.126       6.25034        
0.131       6.22535        
0.136       6.20111        
0.141       6.17689        
0.146       6.15322        
0.151       6.12995        
0.156       6.10705        
0.161       6.08452        
0.166       6.06235        
0.171       6.04053        
0.176       6.01905        
0.181       5.9979         
0.186       5.97708        
0.191       5.95658        
0.196       5.93639        
0.201       5.91651        
0.206       5.89692        
0.211       5.87762        
0.216       5.8586         
0.221       5.83986        
0.226       5.82139        
0.231       5.80318        
0.236       5.78523        
0.241       5.76753        
0.246       5.75009        
0.251       5.73288        
0.256       5.71591        
0.261       5.69917        
0.266       5.68266        
0.271       5.66637        
0.276       5.65029        
0.281       5.63443        
0.286       5.61878        
0.291       5.60334        
0.296       5.58809        
0.301       5.57304        
0.306       5.55818        
0.311       5.54351        
0.316       5.52903        
0.321       5.51473        
0.326       5.5006         
0.331       5.48666        
0.336       5.47288        
0.341       5.45927        
0.346       5.44583        
0.351       5.43255        
0.356       5.41943        
0.361       5.40646        
0.366       5.39365        
0.371       5.38099        
0.376       5.36848        
0.381       5.35611        
0.386       5.34389        
0.391       5.33181        
0.396       5.31987        
0.401       5.30806        
0.406       5.29639        
0.411       5.28485        
0.416       5.27344        
0.421       5.26215        
0.426       5.25099        
0.431       5.23996        
0.436       5.22904        
0.441       5.21825        
0.446       5.20757        
0.451       5.19701        
0.456       5.18656        
0.461       5.17623        
0.466       5.166          
0.471       5.15588        
0.476       5.14587        
0.481       5.13597        
0.486       5.12616        
0.491       5.11646        
0.496       5.10687        
