#Alpha       alpha - tan(alpha)
0           0              
0.01        -3.33347e-07   
0.02        -2.66709e-06   
0.03        -9.00324e-06   
0.04        -2.1347e-05    
0.05        -4.17084e-05   
0.06        -7.21038e-05   
0.07        -0.000114558   
0.08        -0.000171105   
0.09        -0.00024379    
0.1         -0.000334672   
0.11        -0.000445825   
0.12        -0.000579337   
0.13        -0.000737318   
0.14        -0.000921895   
0.15        -0.00113522    
0.16        -0.00137946    
0.17        -0.00165682    
0.18        -0.00196953    
0.19        -0.00231984    
0.2         -0.00271004    
0.21        -0.00314244    
0.22        -0.00361942    
0.23        -0.00414336    
0.24        -0.0047167     
0.25        -0.00534192    
0.26        -0.00602154    
0.27        -0.00675814    
0.28        -0.00755433    
0.29        -0.00841279    
0.3         -0.00933625    
0.31        -0.0103275     
0.32        -0.0113894     
0.33        -0.0125249     
0.34        -0.0137369     
0.35        -0.0150285     
0.36        -0.0164029     
0.37        -0.0178632     
0.38        -0.0194127     
0.39        -0.0210549     
0.4         -0.0227932     
0.41        -0.0246312     
0.42        -0.0265725     
0.43        -0.028621      
0.44        -0.0307805     
0.45        -0.0330551     
0.46        -0.0354488     
0.47        -0.0379659     
0.48        -0.0406108     
0.49        -0.0433881     
0.5         -0.0463025     
0.51        -0.0493587     
0.52        -0.0525618     
0.53        -0.055917      
0.54        -0.0594296     
0.55        -0.0631052     
0.56        -0.0669495     
0.57        -0.0709686     
0.58        -0.0751684     
0.59        -0.0795556     
0.6         -0.0841368     
0.61        -0.0889189     
0.62        -0.093909      
0.63        -0.0991147     
0.64        -0.104544      
0.65        -0.110204      
0.66        -0.116105      
0.67        -0.122254      
0.68        -0.128661      
0.69        -0.135336      
0.7         -0.142288      
0.71        -0.149529      
0.72        -0.157068      
0.73        -0.164918      
0.74        -0.17309       
0.75        -0.181596      
0.76        -0.190451      
0.77        -0.199668      
0.78        -0.209262      
0.79        -0.219246      
0.8         -0.229639      
0.81        -0.240455      
0.82        -0.251714      
0.83        -0.263433      
0.84        -0.275632      
0.85        -0.288333      
0.86        -0.301556      
0.87        -0.315325      
0.88        -0.329664      
0.89        -0.344599      
0.9         -0.360158      
0.91        -0.376369      
0.92        -0.393264      
0.93        -0.410874      
0.94        -0.429234      
0.95        -0.448383      
0.96        -0.468357      
0.97        -0.489201      
0.98        -0.510958      
0.99        -0.533677      
1           -0.557408      
1.01        -0.582206      
1.02        -0.60813       
1.03        -0.635244      
1.04        -0.663615      
1.05        -0.693315      
1.06        -0.724425      
1.07        -0.757028      
1.08        -0.791217      
1.09        -0.827092      
1.1         -0.86476       
1.11        -0.904338      
1.12        -0.945955      
1.13        -0.98975       
1.14        -1.03588       
1.15        -1.0845        
1.16        -1.1358        
1.17        -1.18998       
1.18        -1.24727       
1.19        -1.3079        
1.2         -1.37215       
1.21        -1.44032       
1.22        -1.51275       
1.23        -1.58982       
1.24        -1.67193       
1.25        -1.75957       
1.26        -1.85327       
1.27        -1.95363       
1.28        -2.06135       
1.29        -2.17721       
1.3         -2.3021        
1.31        -2.43708       
1.32        -2.58335       
1.33        -2.74231       
1.34        -2.91562       
1.35        -3.10522       
1.36        -3.31344       
1.37        -3.54306       
1.38        -3.79744       
1.39        -4.08069       
1.4         -4.39788       
1.41        -4.75536       
1.42        -5.16112       
1.43        -5.62546       
1.44        -6.16183       
1.45        -6.78809       
1.46        -7.52861       
1.47        -8.41737       
1.48        -9.50338       
1.49        -10.8599       
1.5         -12.6014       
1.51        -14.9181       
1.52        -18.1495       
1.53        -22.9684       
1.54        -30.9211       
1.55        -46.5285       
1.56        -91.0605       
1.57        -1254.2        
1.58        110.229        
1.59        53.657         
1.6         35.8325        
1.61        27.1047        
1.62        21.9273        
1.63        18.5011        
1.64        16.067         
1.65        14.2493        
1.66        12.8406        
1.67        11.7172        
1.68        10.8008        
1.69        10.0392        
1.7         9.3966         
1.71        8.84726        
1.72        8.37244        
1.73        7.9581         
1.74        7.59353        
1.75        7.27038        
1.76        6.98209        
1.77        6.72341        
1.78        6.49009        
1.79        6.27866        
1.8         6.08626        
1.81        5.9105         
1.82        5.74937        
1.83        5.60118        
1.84        5.46449        
1.85        5.33806        
1.86        5.22083        
1.87        5.11187        
1.88        5.01038        
1.89        4.91566        
1.9         4.8271         
1.91        4.74414        
1.92        4.6663         
1.93        4.59316        
1.94        4.52433        
1.95        4.45948        
1.96        4.39828        
1.97        4.34048        
1.98        4.28582        
1.99        4.23408        
2           4.18504        
2.01        4.13853        
2.02        4.09437        
2.03        4.05242        
2.04        4.01252        
2.05        3.97456        
2.06        3.93841        
2.07        3.90396        
2.08        3.87111        
2.09        3.83977        
2.1         3.80985        
2.11        3.78127        
2.12        3.75396        
2.13        3.72785        
2.14        3.70288        
2.15        3.67898        
2.16        3.6561         
2.17        3.6342         
2.18        3.61321        
2.19        3.5931         
2.2         3.57382        
2.21        3.55534        
2.22        3.53761        
2.23        3.52061        
2.24        3.50429        
2.25        3.48863        
2.26        3.47359        
2.27        3.45916        
2.28        3.4453         
2.29        3.432          
2.3         3.41921        
2.31        3.40694        
2.32        3.39514        
2.33        3.38381        
2.34        3.37293        
2.35        3.36247        
2.36        3.35242        
2.37        3.34276        
2.38        3.33349        
2.39        3.32458        
2.4         3.31601        
2.41        3.30779        
2.42        3.29989        
2.43        3.2923         
2.44        3.28501        
2.45        3.27802        
2.46        3.2713         
2.47        3.26485        
2.48        3.25866        
2.49        3.25272        
2.5         3.24702        
2.51        3.24156        
2.52        3.23632        
2.53        3.23129        
2.54        3.22648        
2.55        3.22186        
2.56        3.21745        
2.57        3.21322        
2.58        3.20917        
2.59        3.2053         
2.6         3.2016         
2.61        3.19806        
2.62        3.19468        
2.63        3.19145        
2.64        3.18837        
2.65        3.18544        
2.66        3.18264        
2.67        3.17997        
2.68        3.17743        
2.69        3.17502        
2.7         3.17273        
2.71        3.17055        
2.72        3.16848        
2.73        3.16653        
2.74        3.16467        
2.75        3.16292        
2.76        3.16126        
2.77        3.1597         
2.78        3.15822        
2.79        3.15683        
2.8         3.15553        
2.81        3.15431        
2.82        3.15316        
2.83        3.15208        
2.84        3.15108        
2.85        3.15015        
2.86        3.14928        
2.87        3.14847        
2.88        3.14773        
2.89        3.14704        
2.9         3.14641        
2.91        3.14582        
2.92        3.14529        
2.93        3.14481        
2.94        3.14437        
2.95        3.14397        
2.96        3.14362        
2.97        3.1433         
2.98        3.14301        
2.99        3.14276        
3           3.14255        
3.01        3.14236        
3.02        3.1422         
3.03        3.14206        
3.04        3.14194        
3.05        3.14185        
3.06        3.14177        
3.07        3.14172        
3.08        3.14167        
3.09        3.14164        
3.1         3.14162        
3.11        3.1416         
3.12        3.1416         
3.13        3.14159        
3.14        3.14159        
3.15        3.14159        
3.16        3.14159        
3.17        3.14159        
3.18        3.14157        
3.19        3.14155        
3.2         3.14153        
3.21        3.14149        
3.22        3.14143        
3.23        3.14136        
3.24        3.14127        
3.25        3.14117        
3.26        3.14104        
3.27        3.14088        
3.28        3.1407         
3.29        3.14049        
3.3         3.14025        
3.31        3.13998        
3.32        3.13968        
3.33        3.13933        
3.34        3.13895        
3.35        3.13852        
3.36        3.13805        
3.37        3.13754        
3.38        3.13697        
3.39        3.13635        
3.4         3.13568        
3.41        3.13496        
3.42        3.13417        
3.43        3.13332        
3.44        3.13241        
3.45        3.13143        
3.46        3.13038        
3.47        3.12925        
3.48        3.12805        
3.49        3.12678        
3.5         3.12541        
3.51        3.12397        
3.52        3.12243        
3.53        3.12081        
3.54        3.11908        
3.55        3.11726        
3.56        3.11534        
3.57        3.11331        
3.58        3.11116        
3.59        3.10891        
3.6         3.10653        
3.61        3.10404        
3.62        3.10141        
3.63        3.09866        
3.64        3.09576        
3.65        3.09273        
3.66        3.08955        
3.67        3.08622        
3.68        3.08273        
3.69        3.07908        
3.7         3.07527        
3.71        3.07128        
3.72        3.06711        
3.73        3.06275        
3.74        3.0582         
3.75        3.05345        
3.76        3.04849        
3.77        3.04332        
3.78        3.03793        
3.79        3.03231        
3.8         3.02644        
3.81        3.02033        
3.82        3.01397        
3.83        3.00734        
3.84        3.00043        
3.85        2.99324        
3.86        2.98575        
3.87        2.97795        
3.88        2.96983        
3.89        2.96137        
3.9         2.95258        
3.91        2.94342        
3.92        2.93388        
3.93        2.92396        
3.94        2.91364        
3.95        2.90289        
3.96        2.8917         
3.97        2.88006        
3.98        2.86794        
3.99        2.85532        
4           2.84218        
4.01        2.8285         
4.02        2.81425        
4.03        2.79941        
4.04        2.78396        
4.05        2.76785        
4.06        2.75107        
4.07        2.73357        
4.08        2.71533        
4.09        2.69631        
4.1         2.67647        
4.11        2.65577        
4.12        2.63416        
4.13        2.6116         
4.14        2.58803        
4.15        2.56341        
4.16        2.53767        
4.17        2.51075        
4.18        2.48258        
4.19        2.4531         
4.2         2.42222        
4.21        2.38986        
4.22        2.35593        
4.23        2.32033        
4.24        2.28296        
4.25        2.24369        
4.26        2.20241        
4.27        2.15897        
4.28        2.11323        
4.29        2.06501        
4.3         2.01415        
4.31        1.96044        
4.32        1.90367        
4.33        1.84358        
4.34        1.77993        
4.35        1.7124         
4.36        1.64067        
4.37        1.56438        
4.38        1.4831         
4.39        1.39637        
4.4         1.30368        
4.41        1.20442        
4.42        1.09792        
4.43        0.983419       
4.44        0.860028       
4.45        0.726731       
4.46        0.582351       
4.47        0.425514       
4.48        0.254613       
4.49        0.0677496      
4.5         -0.137332      
4.51        -0.363333      
4.52        -0.613514      
4.53        -0.891856      
4.54        -1.20326       
4.55        -1.55383       
4.56        -1.95128       
4.57        -2.40549       
4.58        -2.92932       
4.59        -3.53983       
4.6         -4.26017       
4.61        -5.12252       
4.62        -6.17299       
4.63        -7.48007       
4.64        -9.15012       
4.65        -11.3577       
4.66        -14.4105       
4.67        -18.9069       
4.68        -26.1839       
4.69        -39.9674       
4.7         -76.0128       
4.71        -413.878       
4.72        136.106        
4.73        61.5068        
4.74        40.9482        
4.75        31.3254        
4.76        25.7477        
4.77        22.1086        
4.78        19.5479        
4.79        17.6489        
4.8         16.1849        
4.81        15.0222        
4.82        14.0768        
4.83        13.2934        
4.84        12.6337        
4.85        12.0709        
4.86        11.5853        
4.87        11.1621        
4.88        10.7902        
4.89        10.461         
4.9         10.1675        
4.91        9.9044         
4.92        9.6673         
4.93        9.45259        
4.94        9.25733        
4.95        9.07906        
4.96        8.91572        
4.97        8.76557        
4.98        8.62713        
4.99        8.49915        
5           8.38052        
5.01        8.2703         
5.02        8.16767        
5.03        8.07192        
5.04        7.98241        
5.05        7.89859        
5.06        7.81996        
5.07        7.7461         
5.08        7.67661        
5.09        7.61114        
5.1         7.54939        
5.11        7.49107        
5.12        7.43592        
5.13        7.38372        
5.14        7.33427        
5.15        7.28737        
5.16        7.24285        
5.17        7.20055        
5.18        7.16034        
5.19        7.12208        
5.2         7.08564        
5.21        7.05093        
5.22        7.01783        
5.23        6.98625        
5.24        6.95611        
5.25        6.92733        
5.26        6.89982        
5.27        6.87352        
5.28        6.84837        
5.29        6.82431        
5.3         6.80127        
5.31        6.77922        
5.32        6.75809        
5.33        6.73784        
5.34        6.71843        
5.35        6.69982        
5.36        6.68198        
5.37        6.66486        
5.38        6.64844        
5.39        6.63267        
5.4         6.61754        
5.41        6.60301        
5.42        6.58907        
5.43        6.57567        
5.44        6.56281        
5.45        6.55045        
5.46        6.53858        
5.47        6.52718        
5.48        6.51622        
5.49        6.5057         
5.5         6.49558        
5.51        6.48587        
5.52        6.47653        
5.53        6.46756        
5.54        6.45895        
5.55        6.45067        
5.56        6.44272        
5.57        6.43508        
5.58        6.42775        
5.59        6.42071        
5.6         6.41394        
5.61        6.40745        
5.62        6.40122        
5.63        6.39524        
5.64        6.38951        
5.65        6.384          
5.66        6.37873        
5.67        6.37367        
5.68        6.36882        
5.69        6.36418        
5.7         6.35973        
5.71        6.35547        
5.72        6.3514         
5.73        6.3475         
5.74        6.34377        
5.75        6.3402         
5.76        6.3368         
5.77        6.33355        
5.78        6.33045        
5.79        6.32749        
5.8         6.32467        
5.81        6.32198        
5.82        6.31942        
5.83        6.31699        
5.84        6.31468        
5.85        6.31248        
5.86        6.3104         
5.87        6.30842        
5.88        6.30655        
5.89        6.30478        
5.9         6.30311        
5.91        6.30153        
5.92        6.30004        
5.93        6.29864        
5.94        6.29732        
5.95        6.29609        
5.96        6.29493        
5.97        6.29384        
5.98        6.29283        
5.99        6.29189        
6           6.29101        
6.01        6.29019        
6.02        6.28944        
6.03        6.28874        
6.04        6.2881         
6.05        6.28751        
6.06        6.28697        
6.07        6.28647        
6.08        6.28603        
6.09        6.28562        
6.1         6.28526        
6.11        6.28494        
6.12        6.28465        
6.13        6.28439        
6.14        6.28417        
6.15        6.28398        
6.16        6.28381        
6.17        6.28367        
6.18        6.28355        
6.19        6.28346        
6.2         6.28338        
6.21        6.28332        
6.22        6.28327        
6.23        6.28324        
6.24        6.28321        
6.25        6.2832         
6.26        6.28319        
6.27        6.28319        
6.28        6.28319        
6.29        6.28319        
6.3         6.28318        
6.31        6.28318        
6.32        6.28317        
6.33        6.28315        
6.34        6.28312        
6.35        6.28309        
6.36        6.28303        
6.37        6.28297        
6.38        6.28288        
6.39        6.28278        
6.4         6.28265        
6.41        6.2825         
6.42        6.28233        
6.43        6.28212        
6.44        6.28189        
6.45        6.28162        
6.46        6.28132        
6.47        6.28098        
6.48        6.2806         
6.49        6.28019        
6.5         6.27972        
6.51        6.27921        
6.52        6.27866        
6.53        6.27805        
6.54        6.27739        
6.55        6.27667        
6.56        6.27589        
6.57        6.27505        
6.58        6.27415        
6.59        6.27318        
6.6         6.27214        
6.61        6.27103        
6.62        6.26984        
6.63        6.26858        
6.64        6.26723        
6.65        6.2658         
6.66        6.26428        
6.67        6.26266        
6.68        6.26096        
6.69        6.25915        
6.7         6.25724        
6.71        6.25523        
6.72        6.2531         
6.73        6.25087        
6.74        6.24851        
6.75        6.24603        
6.76        6.24343        
6.77        6.2407         
6.78        6.23783        
6.79        6.23482        
6.8         6.23166        
6.81        6.22835        
6.82        6.22489        
6.83        6.22127        
6.84        6.21748        
6.85        6.21352        
6.86        6.20937        
6.87        6.20505        
6.88        6.20053        
6.89        6.19581        
6.9         6.19089        
6.91        6.18575        
6.92        6.1804         
6.93        6.17481        
6.94        6.16899        
6.95        6.16292        
6.96        6.15659        
6.97        6.15           
6.98        6.14314        
6.99        6.13599        
7           6.12855        
7.01        6.1208         
7.02        6.11273        
7.03        6.10434        
7.04        6.09559        
7.05        6.08649        
7.06        6.07702        
7.07        6.06716        
7.08        6.0569         
7.09        6.04622        
7.1         6.03511        
7.11        6.02354        
7.12        6.01149        
7.13        5.99895        
7.14        5.9859         
7.15        5.97231        
7.16        5.95815        
7.17        5.94341        
7.18        5.92805        
7.19        5.91205        
7.2         5.89538        
7.21        5.878          
7.22        5.85988        
7.23        5.84099        
7.24        5.82128        
7.25        5.80072        
7.26        5.77926        
7.27        5.75685        
7.28        5.73345        
7.29        5.709          
7.3         5.68344        
7.31        5.65671        
7.32        5.62875        
7.33        5.59948        
7.34        5.56883        
7.35        5.53671        
7.36        5.50304        
7.37        5.46771        
7.38        5.43063        
7.39        5.39167        
7.4         5.35072        
7.41        5.30763        
7.42        5.26227        
7.43        5.21446        
7.44        5.16403        
7.45        5.11079        
7.46        5.05452        
7.47        4.99498        
7.48        4.93191        
7.49        4.86502        
7.5         4.79399        
7.51        4.71844        
7.52        4.63799        
7.53        4.55216        
7.54        4.46046        
7.55        4.36228        
7.56        4.25699        
7.57        4.14382        
7.58        4.02191        
7.59        3.89026        
7.6         3.74773        
7.61        3.59298        
7.62        3.42444        
7.63        3.24026        
7.64        3.03825        
7.65        2.81578        
7.66        2.5697         
7.67        2.29614        
7.68        1.99038        
7.69        1.64651        
7.7         1.25713        
7.71        0.81273        
7.72        0.301005       
7.73        -0.294341      
7.74        -0.995316      
7.75        -1.8324        
7.76        -2.84903       
7.77        -4.10936       
7.78        -5.7122        
7.79        -7.81815       
7.8         -10.7068       
7.81        -14.9121       
7.82        -21.5963       
7.83        -33.8606       
7.84        -63.6777       
7.85        -243.302       
7.86        174.016        
7.87        70.293         
7.88        46.3057        
7.89        35.6416        
7.9         29.6151        
7.91        25.7426        
7.92        23.0453        
7.93        21.0594        
7.94        19.5367        
7.95        18.3326        
7.96        17.357         
7.97        16.5506        
7.98        15.8733        
7.99        15.2966        
8           14.7997        
8.01        14.3674        
8.02        13.988         
8.03        13.6524        
8.04        13.3537        
8.05        13.0861        
8.06        12.8451        
8.07        12.627         
8.08        12.4288        
8.09        12.248         
8.1         12.0824        
8.11        11.9303        
8.12        11.79          
8.13        11.6605        
8.14        11.5404        
8.15        11.4289        
8.16        11.3251        
8.17        11.2283        
8.18        11.1379        
8.19        11.0532        
8.2         10.9737        
8.21        10.8992        
8.22        10.829         
8.23        10.7629        
8.24        10.7006        
8.25        10.6417        
8.26        10.5861        
8.27        10.5334        
8.28        10.4836        
8.29        10.4363        
8.3         10.3914        
8.31        10.3487        
8.32        10.3082        
8.33        10.2696        
8.34        10.2329        
8.35        10.1979        
8.36        10.1646        
8.37        10.1328        
8.38        10.1024        
8.39        10.0734        
8.4         10.0457        
8.41        10.0192        
8.42        9.9939         
8.43        9.96966        
8.44        9.94647        
8.45        9.92426        
8.46        9.90298        
8.47        9.8826         
8.48        9.86306        
8.49        9.84433        
8.5         9.82636        
8.51        9.80913        
8.52        9.7926         
8.53        9.77673        
8.54        9.7615         
8.55        9.74688        
8.56        9.73284        
8.57        9.71936        
8.58        9.70641        
8.59        9.69398        
8.6         9.68203        
8.61        9.67056        
8.62        9.65953        
8.63        9.64894        
8.64        9.63876        
8.65        9.62898        
8.66        9.61959        
8.67        9.61056        
8.68        9.60189        
8.69        9.59356        
8.7         9.58556        
8.71        9.57787        
8.72        9.57049        
8.73        9.5634         
8.74        9.55659        
8.75        9.55006        
8.76        9.54379        
8.77        9.53777        
8.78        9.532          
8.79        9.52646        
8.8         9.52115        
8.81        9.51605        
8.82        9.51117        
8.83        9.5065         
8.84        9.50202        
8.85        9.49773        
8.86        9.49363        
8.87        9.4897         
8.88        9.48594        
8.89        9.48235        
8.9         9.47892        
8.91        9.47565        
8.92        9.47252        
8.93        9.46954        
8.94        9.4667         
8.95        9.46399        
8.96        9.46141        
8.97        9.45896        
8.98        9.45663        
8.99        9.45442        
9           9.45232        
9.01        9.45032        
9.02        9.44844        
9.03        9.44665        
9.04        9.44496        
9.05        9.44337        
9.06        9.44187        
9.07        9.44045        
9.08        9.43912        
9.09        9.43787        
9.1         9.4367         
9.11        9.4356         
9.12        9.43458        
9.13        9.43362        
9.14        9.43273        
9.15        9.43191        
9.16        9.43114        
9.17        9.43044        
9.18        9.42979        
9.19        9.42919        
9.2         9.42864        
9.21        9.42814        
9.22        9.42769        
9.23        9.42728        
9.24        9.42691        
9.25        9.42658        
9.26        9.42629        
9.27        9.42603        
9.28        9.4258         
9.29        9.4256         
9.3         9.42543        
9.31        9.42528        
9.32        9.42516        
9.33        9.42506        
9.34        9.42498        
9.35        9.42492        
9.36        9.42487        
9.37        9.42483        
9.38        9.42481        
9.39        9.42479        
9.4         9.42478        
9.41        9.42478        
9.42        9.42478        
9.43        9.42478        
9.44        9.42478        
9.45        9.42477        
9.46        9.42476        
9.47        9.42475        
9.48        9.42472        
9.49        9.42469        
9.5         9.42464        
9.51        9.42457        
9.52        9.42449        
9.53        9.42439        
9.54        9.42427        
9.55        9.42412        
9.56        9.42395        
9.57        9.42375        
9.58        9.42352        
9.59        9.42326        
9.6         9.42296        
9.61        9.42263        
9.62        9.42226        
9.63        9.42185        
9.64        9.42139        
9.65        9.42089        
9.66        9.42034        
9.67        9.41974        
9.68        9.41909        
9.69        9.41838        
9.7         9.41761        
9.71        9.41678        
9.72        9.41589        
9.73        9.41493        
9.74        9.4139         
9.75        9.4128         
9.76        9.41163        
9.77        9.41038        
9.78        9.40904        
9.79        9.40762        
9.8         9.40612        
9.81        9.40452        
9.82        9.40283        
9.83        9.40104        
9.84        9.39915        
9.85        9.39715        
9.86        9.39504        
9.87        9.39282        
9.88        9.39049        
9.89        9.38803        
9.9         9.38545        
9.91        9.38273        
9.92        9.37989        
9.93        9.3769         
9.94        9.37377        
9.95        9.37048        
9.96        9.36705        
9.97        9.36345        
9.98        9.35969        
9.99        9.35575        
10          9.35164        
10.01       9.34734        
10.02       9.34285        
10.03       9.33817        
10.04       9.33328        
10.05       9.32818        
10.06       9.32286        
10.07       9.31731        
10.08       9.31152        
10.09       9.30549        
10.1        9.29921        
10.11       9.29267        
10.12       9.28585        
10.13       9.27875        
10.14       9.27135        
10.15       9.26365        
10.16       9.25563        
10.17       9.24729        
10.18       9.2386         
10.19       9.22956        
10.2        9.22015        
10.21       9.21035        
10.22       9.20016        
10.23       9.18954        
10.24       9.1785         
10.25       9.167          
10.26       9.15504        
10.27       9.14258        
10.28       9.12961        
10.29       9.1161         
10.3        9.10204        
10.31       9.08739        
10.32       9.07213        
10.33       9.05624        
10.34       9.03967        
10.35       9.02241        
10.36       9.00441        
10.37       8.98564        
10.38       8.96607        
10.39       8.94565        
10.4        8.92433        
10.41       8.90208        
10.42       8.87884        
10.43       8.85456        
10.44       8.82918        
10.45       8.80264        
10.46       8.77488        
10.47       8.74582        
10.48       8.7154         
10.49       8.68352        
10.5        8.6501         
10.51       8.61504        
10.52       8.57825        
10.53       8.5396         
10.54       8.49897        
10.55       8.45623        
10.56       8.41124        
10.57       8.36383        
10.58       8.31384        
10.59       8.26106        
10.6        8.20528        
10.61       8.14628        
10.62       8.0838         
10.63       8.01754        
10.64       7.94718        
10.65       7.87239        
10.66       7.79274        
10.67       7.7078         
10.68       7.61707        
10.69       7.51997        
10.7        7.41586        
10.71       7.304          
10.72       7.18354        
10.73       7.05352        
10.74       6.91281        
10.75       6.7601         
10.76       6.59387        
10.77       6.41232        
10.78       6.21331        
10.79       5.9943         
10.8        5.75221        
10.81       5.48332        
10.82       5.18305        
10.83       4.84571        
10.84       4.46414        
10.85       4.02925        
10.86       3.52922        
10.87       2.94849        
10.88       2.26612        
10.89       1.45321        
10.9        0.468812       
10.91       -0.747214      
10.92       -2.28681       
10.93       -4.29802       
10.94       -7.0354        
10.95       -10.977        
10.96       -17.1383       
10.97       -28.1232       
10.98       -53.2232       
10.99       -168.403       
11          236.951        
11.01       80.3259        
11.02       51.9523        
11.03       40.0666        
11.04       33.5347        
11.05       29.4055        
11.06       26.5603        
11.07       24.4814        
11.08       22.8966        
11.09       21.6488        
11.1        20.6414        
11.11       19.8111        
11.12       19.1154        
11.13       18.5242        
11.14       18.0158        
11.15       17.574         
11.16       17.1869        
11.17       16.8448        
11.18       16.5406        
11.19       16.2684        
11.2        16.0234        
11.21       15.8019        
11.22       15.6008        
11.23       15.4173        
11.24       15.2494        
11.25       15.0952        
11.26       14.9532        
11.27       14.822         
11.28       14.7005        
11.29       14.5877        
11.3        14.4828        
11.31       14.3849        
11.32       14.2935        
11.33       14.2079        
11.34       14.1277        
11.35       14.0523        
11.36       13.9815        
11.37       13.9148        
11.38       13.8519        
11.39       13.7925        
11.4        13.7363        
11.41       13.6832        
11.42       13.6329        
11.43       13.5852        
11.44       13.54          
11.45       13.497         
11.46       13.4561        
11.47       13.4172        
11.48       13.3802        
11.49       13.345         
11.5        13.3114        
11.51       13.2793        
11.52       13.2487        
11.53       13.2195        
11.54       13.1916        
11.55       13.165         
11.56       13.1394        
11.57       13.115         
11.58       13.0917        
11.59       13.0693        
11.6        13.0479        
11.61       13.0274        
11.62       13.0077        
11.63       12.9889        
11.64       12.9708        
11.65       12.9534        
11.66       12.9368        
11.67       12.9208        
11.68       12.9055        
11.69       12.8908        
11.7        12.8766        
11.71       12.8631        
11.72       12.85          
11.73       12.8375        
11.74       12.8255        
11.75       12.8139        
11.76       12.8028        
11.77       12.7922        
11.78       12.7819        
11.79       12.7721        
11.8        12.7627        
11.81       12.7536        
11.82       12.7448        
11.83       12.7365        
11.84       12.7284        
11.85       12.7207        
11.86       12.7132        
11.87       12.7061        
11.88       12.6993        
11.89       12.6927        
11.9        12.6864        
11.91       12.6803        
11.92       12.6745        
11.93       12.6689        
11.94       12.6636        
11.95       12.6584        
11.96       12.6535        
11.97       12.6488        
11.98       12.6443        
11.99       12.64          
12          12.6359        
12.01       12.6319        
12.02       12.6281        
12.03       12.6245        
12.04       12.6211        
12.05       12.6178        
12.06       12.6146        
12.07       12.6116        
12.08       12.6087        
12.09       12.606         
12.1        12.6034        
12.11       12.6009        
12.12       12.5986        
12.13       12.5964        
12.14       12.5942        
12.15       12.5922        
12.16       12.5903        
12.17       12.5885        
12.18       12.5868        
12.19       12.5852        
12.2        12.5837        
12.21       12.5823        
12.22       12.5809        
12.23       12.5797        
12.24       12.5785        
12.25       12.5774        
12.26       12.5763        
12.27       12.5754        
12.28       12.5745        
12.29       12.5736        
12.3        12.5729        
12.31       12.5721        
12.32       12.5715        
12.33       12.5709        
12.34       12.5703        
12.35       12.5698        
12.36       12.5694        
12.37       12.5689        
12.38       12.5686        
12.39       12.5682        
12.4        12.5679        
12.41       12.5677        
12.42       12.5674        
12.43       12.5672        
12.44       12.567         
12.45       12.5669        
12.46       12.5668        
12.47       12.5667        
12.48       12.5666        
12.49       12.5665        
12.5        12.5665        
12.51       12.5664        
12.52       12.5664        
12.53       12.5664        
12.54       12.5664        
12.55       12.5664        
12.56       12.5664        
12.57       12.5664        
12.58       12.5664        
12.59       12.5664        
12.6        12.5664        
12.61       12.5663        
12.62       12.5663        
12.63       12.5663        
12.64       12.5662        
12.65       12.5662        
12.66       12.5661        
12.67       12.566         
12.68       12.5659        
12.69       12.5657        
12.7        12.5656        
12.71       12.5654        
12.72       12.5652        
12.73       12.5649        
12.74       12.5646        
12.75       12.5643        
12.76       12.5639        
12.77       12.5635        
12.78       12.5631        
12.79       12.5626        
12.8        12.562         
12.81       12.5614        
12.82       12.5608        
12.83       12.5601        
12.84       12.5593        
12.85       12.5585        
12.86       12.5576        
12.87       12.5567        
12.88       12.5557        
12.89       12.5546        
12.9        12.5534        
12.91       12.5522        
12.92       12.5509        
12.93       12.5494        
12.94       12.548         
12.95       12.5464        
12.96       12.5447        
12.97       12.5429        
12.98       12.541         
12.99       12.5391        
13          12.537         
13.01       12.5348        
13.02       12.5325        
13.03       12.53          
13.04       12.5275        
13.05       12.5248        
13.06       12.5219        
13.07       12.519         
13.08       12.5159        
13.09       12.5126        
13.1        12.5092        
13.11       12.5056        
13.12       12.5019        
13.13       12.498         
13.14       12.4939        
13.15       12.4896        
13.16       12.4852        
13.17       12.4805        
13.18       12.4757        
13.19       12.4706        
13.2        12.4653        
13.21       12.4598        
13.22       12.4541        
13.23       12.4481        
13.24       12.4418        
13.25       12.4353        
13.26       12.4285        
13.27       12.4215        
13.28       12.4141        
13.29       12.4065        
13.3        12.3985        
13.31       12.3902        
13.32       12.3816        
13.33       12.3726        
13.34       12.3633        
13.35       12.3535        
13.36       12.3434        
13.37       12.3329        
13.38       12.3219        
13.39       12.3105        
13.4        12.2986        
13.41       12.2862        
13.42       12.2733        
13.43       12.2599        
13.44       12.2459        
13.45       12.2314        
13.46       12.2162        
13.47       12.2004        
13.48       12.184         
13.49       12.1668        
13.5        12.1489        
13.51       12.1303        
13.52       12.1108        
13.53       12.0906        
13.54       12.0694        
13.55       12.0473        
13.56       12.0242        
13.57       12.0001        
13.58       11.9749        
13.59       11.9485        
13.6        11.921         
13.61       11.8921        
13.62       11.8619        
13.63       11.8303        
13.64       11.7971        
13.65       11.7623        
13.66       11.7258        
13.67       11.6875        
13.68       11.6472        
13.69       11.6048        
13.7        11.5602        
13.71       11.5131        
13.72       11.4636        
13.73       11.4113        
13.74       11.356         
13.75       11.2975        
13.76       11.2356        
13.77       11.1699        
13.78       11.1003        
13.79       11.0262        
13.8        10.9474        
13.81       10.8633        
13.82       10.7735        
13.83       10.6775        
13.84       10.5745        
13.85       10.464         
13.86       10.3449        
13.87       10.2165        
13.88       10.0776        
13.89       9.92688        
13.9        9.76291        
13.91       9.58394        
13.92       9.38787        
13.93       9.17223        
13.94       8.93405        
13.95       8.66971        
13.96       8.37479        
13.97       8.04378        
13.98       7.66981        
13.99       7.24412        
14          6.75539        
14.01       6.18876        
14.02       5.52426        
14.03       4.73451        
14.04       3.78084        
14.05       2.60683        
14.06       1.12682        
14.07       -0.795881      
14.08       -3.39357       
14.09       -7.09557       
14.1        -12.7932       
14.11       -22.6904       
14.12       -44.1258       
14.13       -125.397       
14.14       367.114        
14.15       92.0695        
14.16       57.9485        
14.17       44.6162        
14.18       37.5122        
14.19       33.0999        
14.2        30.0942        
14.21       27.9157        
14.22       26.2649        
14.23       24.9711        
14.24       23.9302        
14.25       23.075         
14.26       22.3601        
14.27       21.7539        
14.28       21.2335        
14.29       20.7821        
14.3        20.3869        
14.31       20.0382        
14.32       19.7284        
14.33       19.4514        
14.34       19.2024        
14.35       18.9774        
14.36       18.7731        
14.37       18.587         
14.38       18.4168        
14.39       18.2605        
14.4        18.1167        
14.41       17.9838        
14.42       17.8609        
14.43       17.7467        
14.44       17.6406        
14.45       17.5416        
14.46       17.4492        
14.47       17.3627        
14.48       17.2817        
14.49       17.2056        
14.5        17.1341        
14.51       17.0667        
14.52       17.0032        
14.53       16.9433        
14.54       16.8867        
14.55       16.8331        
14.56       16.7823        
14.57       16.7342        
14.58       16.6886        
14.59       16.6453        
14.6        16.6041        
14.61       16.5649        
14.62       16.5276        
14.63       16.4921        
14.64       16.4582        
14.65       16.4259        
14.66       16.3951        
14.67       16.3657        
14.68       16.3376        
14.69       16.3107        
14.7        16.285         
14.71       16.2605        
14.72       16.2369        
14.73       16.2144        
14.74       16.1928        
14.75       16.1722        
14.76       16.1524        
14.77       16.1334        
14.78       16.1152        
14.79       16.0977        
14.8        16.081         
14.81       16.0649        
14.82       16.0495        
14.83       16.0347        
14.84       16.0204        
14.85       16.0068        
14.86       15.9937        
14.87       15.9811        
14.88       15.969         
14.89       15.9573        
14.9        15.9462        
14.91       15.9355        
14.92       15.9251        
14.93       15.9152        
14.94       15.9057        
14.95       15.8966        
14.96       15.8878        
14.97       15.8794        
14.98       15.8713        
14.99       15.8635        
15          15.856         
15.01       15.8488        
15.02       15.8419        
15.03       15.8353        
15.04       15.8289        
15.05       15.8228        
15.06       15.817         
15.07       15.8114        
15.08       15.806         
15.09       15.8008        
15.1        15.7959        
15.11       15.7912        
15.12       15.7866        
15.13       15.7823        
15.14       15.7781        
15.15       15.7741        
15.16       15.7703        
15.17       15.7667        
15.18       15.7632        
15.19       15.7599        
15.2        15.7567        
15.21       15.7537        
15.22       15.7508        
15.23       15.748         
15.24       15.7454        
15.25       15.7429        
15.26       15.7405        
15.27       15.7383        
15.28       15.7362        
15.29       15.7341        
15.3        15.7322        
15.31       15.7304        
15.32       15.7287        
15.33       15.7271        
15.34       15.7255        
15.35       15.7241        
15.36       15.7227        
15.37       15.7214        
15.38       15.7203        
15.39       15.7191        
15.4        15.7181        
15.41       15.7171        
15.42       15.7162        
15.43       15.7154        
15.44       15.7146        
15.45       15.7138        
15.46       15.7132        
15.47       15.7126        
15.48       15.712         
15.49       15.7115        
15.5        15.711         
15.51       15.7106        
15.52       15.7102        
15.53       15.7099        
15.54       15.7096        
15.55       15.7093        
15.56       15.7091        
15.57       15.7088        
15.58       15.7087        
15.59       15.7085        
15.6        15.7084        
15.61       15.7083        
15.62       15.7082        
15.63       15.7081        
15.64       15.7081        
15.65       15.708         
15.66       15.708         
15.67       15.708         
15.68       15.708         
15.69       15.708         
15.7        15.708         
15.71       15.708         
15.72       15.708         
15.73       15.708         
15.74       15.708         
15.75       15.7079        
15.76       15.7079        
15.77       15.7079        
15.78       15.7078        
15.79       15.7078        
15.8        15.7077        
15.81       15.7076        
15.82       15.7075        
15.83       15.7074        
15.84       15.7072        
15.85       15.707         
15.86       15.7068        
15.87       15.7065        
15.88       15.7062        
15.89       15.7059        
15.9        15.7056        
15.91       15.7052        
15.92       15.7047        
15.93       15.7042        
15.94       15.7037        
15.95       15.7031        
15.96       15.7025        
15.97       15.7018        
15.98       15.701         
15.99       15.7002        
16          15.6994        
16.01       15.6984        
16.02       15.6974        
16.03       15.6963        
16.04       15.6952        
16.05       15.694         
16.06       15.6927        
16.07       15.6913        
16.08       15.6898        
16.09       15.6882        
16.1        15.6866        
16.11       15.6848        
16.12       15.6829        
16.13       15.681         
16.14       15.6789        
16.15       15.6767        
16.16       15.6744        
16.17       15.672         
16.18       15.6695        
16.19       15.6668        
16.2        15.664         
16.21       15.661         
16.22       15.658         
16.23       15.6547        
16.24       15.6513        
16.25       15.6478        
16.26       15.6441        
16.27       15.6402        
16.28       15.6362        
16.29       15.6319        
16.3        15.6275        
16.31       15.6229        
16.32       15.618         
16.33       15.613         
16.34       15.6078        
16.35       15.6023        
16.36       15.5966        
16.37       15.5906        
16.38       15.5844        
16.39       15.578         
16.4        15.5712        
16.41       15.5642        
16.42       15.5569        
16.43       15.5493        
16.44       15.5414        
16.45       15.5332        
16.46       15.5246        
16.47       15.5157        
16.48       15.5064        
16.49       15.4967        
16.5        15.4866        
16.51       15.4762        
16.52       15.4653        
16.53       15.4539        
16.54       15.4421        
16.55       15.4298        
16.56       15.417         
16.57       15.4036        
16.58       15.3898        
16.59       15.3753        
16.6        15.3602        
16.61       15.3446        
16.62       15.3282        
16.63       15.3112        
16.64       15.2934        
16.65       15.2749        
16.66       15.2556        
16.67       15.2354        
16.68       15.2144        
16.69       15.1925        
16.7        15.1695        
16.71       15.1456        
16.72       15.1206        
16.73       15.0944        
16.74       15.067         
16.75       15.0384        
16.76       15.0084        
16.77       14.977         
16.78       14.9441        
16.79       14.9096        
16.8        14.8733        
16.81       14.8353        
16.82       14.7953        
16.83       14.7533        
16.84       14.709         
16.85       14.6624        
16.86       14.6132        
16.87       14.5614        
16.88       14.5066        
16.89       14.4486        
16.9        14.3873        
16.91       14.3223        
16.92       14.2532        
16.93       14.1799        
16.94       14.1018        
16.95       14.0186        
16.96       13.9298        
16.97       13.8348        
16.98       13.733         
16.99       13.6237        
17          13.5061        
17.01       13.3792        
17.02       13.242         
17.03       13.0933        
17.04       12.9316        
17.05       12.7551        
17.06       12.5619        
17.07       12.3496        
17.08       12.1152        
17.09       11.8553        
17.1        11.5656        
17.11       11.2408        
17.12       10.8742        
17.13       10.4574        
17.14       9.9796         
17.15       9.42656        
17.16       8.77925        
17.17       8.01169        
17.18       7.08734        
17.19       5.95321        
17.2        4.5294         
17.21       2.6895         
17.22       0.221094       
17.23       -3.26253       
17.24       -8.54714       
17.25       -17.5114       
17.26       -36.0398       
17.27       -96.8876       
17.28       823.468        
17.29       106.251        
17.3        64.373         
17.31       49.3094        
17.32       41.5543        
17.33       36.8288        
17.34       33.6487        
17.35       31.3632        
17.36       29.6421        
17.37       28.2996        
17.38       27.2237        
17.39       26.3424        
17.4        25.6076        
17.41       24.9858        
17.42       24.453         
17.43       23.9915        
17.44       23.5881        
17.45       23.2326        
17.46       22.917         
17.47       22.6351        
17.48       22.3819        
17.49       22.1533        
17.5        21.946         
17.51       21.7571        
17.52       21.5845        
17.53       21.4262        
17.54       21.2804        
17.55       21.1459        
17.56       21.0214        
17.57       20.906         
17.58       20.7986        
17.59       20.6985        
17.6        20.6051        
17.61       20.5177        
17.62       20.4358        
17.63       20.359         
17.64       20.2868        
17.65       20.2188        
17.66       20.1547        
17.67       20.0942        
17.68       20.0371        
17.69       19.983         
17.7        19.9318        
17.71       19.8833        
17.72       19.8373        
17.73       19.7936        
17.74       19.7521        
17.75       19.7126        
17.76       19.675         
17.77       19.6392        
17.78       19.6051        
17.79       19.5726        
17.8        19.5415        
17.81       19.5119        
17.82       19.4836        
17.83       19.4565        
17.84       19.4306        
17.85       19.4059        
17.86       19.3822        
17.87       19.3595        
17.88       19.3378        
17.89       19.317         
17.9        19.2971        
17.91       19.278         
17.92       19.2596        
17.93       19.2421        
17.94       19.2252        
17.95       19.209         
17.96       19.1935        
17.97       19.1786        
17.98       19.1643        
17.99       19.1505        
18          19.1373        
18.01       19.1246        
18.02       19.1125        
18.03       19.1008        
18.04       19.0895        
18.05       19.0787        
18.06       19.0684        
18.07       19.0584        
18.08       19.0488        
18.09       19.0396        
18.1        19.0308        
18.11       19.0223        
18.12       19.0141        
18.13       19.0063        
18.14       18.9988        
18.15       18.9915        
18.16       18.9846        
18.17       18.9779        
18.18       18.9715        
18.19       18.9654        
18.2        18.9595        
18.21       18.9539        
18.22       18.9484        
18.23       18.9432        
18.24       18.9383        
18.25       18.9335        
18.26       18.9289        
18.27       18.9245        
18.28       18.9203        
18.29       18.9163        
18.3        18.9125        
18.31       18.9088        
18.32       18.9053        
18.33       18.902         
18.34       18.8988        
18.35       18.8957        
18.36       18.8928        
18.37       18.89          
18.38       18.8874        
18.39       18.8849        
18.4        18.8825        
18.41       18.8802        
18.42       18.8781        
18.43       18.876         
18.44       18.8741        
18.45       18.8723        
18.46       18.8705        
18.47       18.8689        
18.48       18.8674        
18.49       18.8659        
18.5        18.8645        
18.51       18.8632        
18.52       18.862         
18.53       18.8609        
18.54       18.8598        
18.55       18.8588        
18.56       18.8579        
18.57       18.8571        
18.58       18.8563        
18.59       18.8555        
18.6        18.8549        
18.61       18.8542        
18.62       18.8537        
18.63       18.8532        
18.64       18.8527        
18.65       18.8522        
18.66       18.8519        
18.67       18.8515        
18.68       18.8512        
18.69       18.8509        
18.7        18.8507        
18.71       18.8505        
18.72       18.8503        
18.73       18.8501        
18.74       18.85          
18.75       18.8499        
18.76       18.8498        
18.77       18.8497        
18.78       18.8497        
18.79       18.8496        
18.8        18.8496        
18.81       18.8496        
18.82       18.8496        
18.83       18.8496        
18.84       18.8496        
18.85       18.8496        
18.86       18.8496        
18.87       18.8496        
18.88       18.8495        
18.89       18.8495        
18.9        18.8495        
18.91       18.8495        
18.92       18.8494        
18.93       18.8494        
18.94       18.8493        
18.95       18.8492        
18.96       18.8491        
18.97       18.849         
18.98       18.8488        
18.99       18.8486        
19          18.8484        
19.01       18.8482        
19.02       18.8479        
19.03       18.8476        
19.04       18.8472        
19.05       18.8468        
19.06       18.8464        
19.07       18.8459        
19.08       18.8454        
19.09       18.8448        
19.1        18.8442        
19.11       18.8435        
19.12       18.8428        
19.13       18.842         
19.14       18.8411        
19.15       18.8402        
19.16       18.8392        
19.17       18.8381        
19.18       18.837         
19.19       18.8358        
19.2        18.8345        
19.21       18.8331        
19.22       18.8316        
19.23       18.8301        
19.24       18.8284        
19.25       18.8267        
19.26       18.8248        
19.27       18.8229        
19.28       18.8208        
19.29       18.8187        
19.3        18.8164        
19.31       18.814         
19.32       18.8115        
19.33       18.8088        
19.34       18.806         
19.35       18.8031        
19.36       18.8001        
19.37       18.7968        
19.38       18.7935        
19.39       18.79          
19.4        18.7863        
19.41       18.7824        
19.42       18.7784        
19.43       18.7742        
19.44       18.7698        
19.45       18.7652        
19.46       18.7604        
19.47       18.7554        
19.48       18.7502        
19.49       18.7448        
19.5        18.7391        
19.51       18.7332        
19.52       18.727         
19.53       18.7206        
19.54       18.7139        
19.55       18.707         
19.56       18.6997        
19.57       18.6921        
19.58       18.6843        
19.59       18.6761        
19.6        18.6676        
19.61       18.6587        
19.62       18.6495        
19.63       18.6399        
19.64       18.6299        
19.65       18.6194        
19.66       18.6086        
19.67       18.5973        
19.68       18.5856        
19.69       18.5734        
19.7        18.5606        
19.71       18.5474        
19.72       18.5336        
19.73       18.5192        
19.74       18.5043        
19.75       18.4887        
19.76       18.4725        
19.77       18.4555        
19.78       18.4379        
19.79       18.4195        
19.8        18.4003        
19.81       18.3803        
19.82       18.3594        
19.83       18.3376        
19.84       18.3148        
19.85       18.2911        
19.86       18.2662        
19.87       18.2402        
19.88       18.2131        
19.89       18.1847        
19.9        18.1549        
19.91       18.1237        
19.92       18.091         
19.93       18.0568        
19.94       18.0208        
19.95       17.9831        
19.96       17.9434        
19.97       17.9017        
19.98       17.8578        
19.99       17.8116        
